Avg of 3 Human Tox	AD.1.SRR1658350	AD.2.SRR1658353	AD.3.SRR1658349	AD.4.SRR1658351	AD.5.SRR1658348	AD.6.SRR1658347	Control.10.SRR1658359	Control.11.SRR1658360	Control.12.SRR1658357	Control.13.SRR1658356	Control.14.SRR1658345	Control.15.SRR1658355	Control.16.SRR1658346	TPD.7.SRR1658354	TPD.8.SRR1658352	TPD.9.SRR1658358
4	55.439	55.031	30.005	60.196	53.58	57.245	24.931	42.344	80.015	31.128	44.961	54.819	38.981	57.825	43.6	40.426
5	14.855	0	0	0	0	0	0	0	0	0	0	6.016	7.355	6.568	0	14.747
6	30.28	22.806	22.522	19.895	38.167	20.286	35.103	32.557	20.893	33.597	100.611	42.873	97.822	36.009	25.861	55.248
7	164.232	668.805	128.029	219.354	237.808	198.416	762.706	727.435	811.824	1111.718	650.39	1233.81	809.6	1111.107	165.995	1277.007
8	806.179	371.709	1161.258	199.459	406.071	277.802	175.389	428.431	116.876	143.3	351.396	445.246	146.549	312.465	329.629	111.816
9	30.406	36.564	21.691	20.407	98.536	57.617	88.191	234.489	85.762	62.15	40.382	90.405	42.659	114.829	12.753	69.408
10	1189.764	1289.519	842.849	962.798	1671.625	1199.947	1396.288	1019.247	1187.901	1294.947	1405.326	1523.076	1701.392	1543.095	1139.062	1792.359
11	952.71	544.117	793.718	865.463	1093.253	712.148	540.307	406.759	520.322	492.154	1001.357	661.302	704.791	777.061	1041.004	916.464
12	74.593	32.598	22.069	83.762	141.657	109.399	91.291	24.867	45.254	57.213	95.838	138.021	382.46	102.982	37.202	127.59
13	38.877	153.445	47.16	69.075	65.323	370.062	564.123	27.963	162.219	99.076	128.844	246.305	202.447	156.936	114.539	335.889
14	71.686	64.576	58.649	19.895	102.206	104.951	188.042	122.538	105.56	143.513	26.685	101.844	44.13	109.785	40.643	148.943
15	73.646	133.489	112.839	117.66	81.655	88.649	164.845	128.829	125.815	118.182	89.107	193.857	61.414	257.808	121.402	177.776
16	959.032	651.33	714.289	1171.307	1044.077	675.19	816.167	909.292	535.922	502.244	944.953	725.019	572.954	628.802	941.598	559.667
17	137.493	199.18	6.575	49.951	53.029	24.918	409.695	443.113	312.575	661.322	6.859	326.458	14.526	337.684	0	267.141
18	966.43	260.285	293.017	267.426	639.108	428.326	558.787	80.893	298.8	266.096	428.867	437.704	286.292	278.335	320.162	469.131
19	567.923	220.993	224.618	143.704	243.68	125.609	204.167	124.035	158.753	302.701	333.484	175.134	206.306	164.092	148.938	696.577
20	110.373	207.854	27.435	71.466	282.764	78.829	463.154	265.648	312.487	343.057	94.956	313.072	162.912	216.758	45.542	363.549
21	219.482	224.587	226.886	221.657	189.365	184.245	174.77	141.311	144.975	245.485	288.889	178.183	237.382	137.701	262.33	235.812
22	3443.122	18687.491	12391.489	4313.048	6370.526	8399.619	13226.356	15889.922	15904.562	12844.291	4478.973	11135.656	14712.921	10844.006	5789.804	10310.189
23	113.47	121.341	74.518	97.167	103.674	138.948	45.149	34.754	47.535	43.472	150.839	98.623	149.306	57.473	156.132	43.141
24	15632.388	10345.529	3171.485	17484.762	14413.401	13352.98	7681.383	8323.255	9710.311	4833.517	9737.328	5821.844	18268.689	11918.402	9672.14	10806.834
25	7040.485	3815.014	3394.82	6207.475	16862.854	3127.142	3542.631	2459.939	2489.482	2141.321	4636.246	2840.176	2442.958	4619.544	4673.578	3314.492
26	7058.439	14190.168	7794.221	6163.762	7292.939	5428.01	11500.867	8679.691	11208.335	9761.493	6032.373	8119.158	9241.177	10233.744	6813.618	10274.092
27	84.391	71.64	68.928	53.878	52.113	62.619	75.662	85.787	75.179	109.271	104.933	121.501	79.433	87.382	107.478	71.17
28	288.323	529.739	279.941	284.844	232.119	346.719	340.607	343.345	498.609	328.675	564.832	694.262	709.024	903.031	436.444	521.807
29	281.939	122.086	140.574	117.916	611.585	301.329	64.002	88.583	180.283	176.466	302.669	121.922	248.416	272.705	163.878	212.48
30	168.341	216.035	231.95	263.925	329.372	293.455	467.374	300.5	257.653	266.524	329.183	326.711	299.347	458.612	261.184	496.643
31	2202.784	482.519	2753.84	344.357	1347.208	520.496	272.881	361.42	424.432	455.98	630.629	525.227	273.974	373.222	522.454	334.641
32	338.959	346.177	238.674	375.778	382.767	329.953	257.998	440.916	374.346	237.755	310.606	562.341	205.572	442.893	331.305	271.616
33	332.638	1270.058	288.558	192.628	306.252	604.883	1230.574	1302.174	1165.55	911.318	313.896	1284.479	338.698	1306.283	291.324	1172.528
34	2764.825	5120.77	3708.545	3511.965	5532.324	3223.567	3604.153	3598.025	5118.287	2085.508	2242.813	5804.81	3738.91	4691.329	4083.606	7682.583
35	7785.981	2102.101	4376.352	7590.627	14109.723	7321.946	6930.716	6940.493	7872.085	6079.085	5085.029	8288.192	17407.058	6848.92	5032.181	8441.158
36	5450.825	2893.113	6218.571	5501.086	8858.691	4894.448	2945.018	1981.374	2674.42	6605.481	18297.841	4872.461	5601.008	4460.855	6959.135	18783.415
37	180.668	129.398	211.998	167.098	199.458	255.567	120.067	161.386	118.882	178.721	233.712	99.047	199.135	116.236	180.159	104.994
38	487.763	1776.002	517.786	427.011	365.701	539.483	2061.747	2722.687	2249.443	2794.815	517.57	2184.292	369.401	1858.614	493.965	1996.183
39	582.085	833.9	381.897	458.174	579.655	565.329	862.556	710.361	1069.658	549.044	526.062	815.171	505.104	687.685	494.718	921.162
40	1041.716	1478.413	1266.086	1253.105	761.679	1061.183	1471.704	2373.854	1616.441	1910.972	1948.265	2351.969	1698.819	2072.905	1652.554	2069.771
41	786.773	730.405	2024.587	811.754	2535.326	944.838	532.986	501.134	868.301	1351.303	2283.537	1064.439	720.969	674.194	972.843	670.823
42	2122.311	730.897	1322.011	1559.382	2610.192	1354.637	1547.861	1200.008	1016.195	1070.286	1075.779	874.394	1735.223	861.51	1017.415	947.719
43	441.43	890.047	430.266	596.16	489.557	787.088	2244.708	1469.152	638.566	844.764	676.947	856.346	997.52	1023.138	634.347	1247.437
44	1394.198	2258.272	1186.958	1590.546	1211.606	1694.783	2605.035	2368.258	2022.077	1516.5	2022.62	2582.851	2036.228	3005.141	1881.636	2571.621
45	2842.645	3289.982	3187.735	2874.569	1779.883	2805.614	2804.732	2960.773	2341.588	1907.214	4303.9	3743.542	1526.344	4749.51	5816.993	2877.138
46	1378.398	745.899	848.36	1071.067	1536.753	1558.522	1197.829	1127.002	1187.444	1153.796	839.68	976.663	785.51	855.414	907.135	1038.849
47	700.483	1899.575	1092.18	767.353	647.183	983.652	1631.214	1865.425	1821.172	1771.323	1017.351	1321.251	1154.367	1635.052	1260.309	1343.26
48	3116.046	3367.202	5173.853	3264.945	4915.418	4721.14	1585.57	1515.592	2708.179	1931.474	3391.436	2221.571	5514.401	2328.715	3295.029	2373.232
49	566.151	447.689	646.494	433.584	278.176	553.008	631.848	467.778	351.352	443.635	597.601	671.894	453.987	367.242	470.071	469.861
50	2934.435	562.46	2007.962	2025.668	5139.462	2074.105	723.137	391.381	1132.611	920.332	1511.29	800.597	823.208	845.557	1588.123	907.954
51	635.057	465.661	453.846	332.572	497.818	515.863	591.781	510.624	485.013	569.331	622.245	609.111	910.36	766.854	527.682	431.562
52	6588.12	1006.799	1418.223	1258.824	18626.963	1364.091	1700.426	1766.253	1370.009	2204.221	884.473	1096.384	934.634	1079.09	1013.422	1689.418
53	14.097	227.437	87.292	70.528	85.508	121.44	140.412	179.163	208.568	187.199	64.314	234.866	66.012	328.771	101.521	275.724
54	1446.921	3290.977	1636.115	1892.554	2816.443	2063.082	3093.743	4520.801	2423.887	1689.636	1682.196	4722.325	1629.865	4244.802	2060.935	3268.934
55	6064.447	1556.126	4771.47	4914.151	8803.09	4882.406	6719.232	6633.704	7147.848	5745.368	4245.369	8087.812	10079.28	5945.65	3923.326	7766.522
56	530.373	580.434	358.692	576.948	622.042	648.326	1000.611	422.341	492.133	652.409	676.923	754.082	698.538	694.369	434.504	755.714
57	25657.183	43805.599	26980.479	37949.208	17247.457	41925.456	15153.649	30047.242	34559.358	20856.255	32578.672	37433.661	20268.881	46726.942	52415.36	31869.043
58	10790.131	2330.283	4451.701	4156.878	3087.27	3278.868	14281.544	7485.57	5338.53	12707.115	5203.42	4530.413	2312.038	3320.891	4893.591	2376.456
59	2167.507	4964.851	2887.008	2187.047	2660.837	3347.88	4504.543	1821.786	3852.012	2840.638	1687.659	3029.452	5367.493	2439.443	2391.754	4667.514
60	4171.353	6368.887	6579.305	4940.793	3912.813	4811.731	3546.474	2232.834	4128.093	2658.488	3068.917	3402.177	6939.06	3220.258	4636.646	4231.912
61	5384.009	8934.669	6952.134	7588.827	6836.957	6715.309	5783.738	7197.355	7576.566	5935.47	6887.394	7024.307	6251.922	6294.826	7033.76	5941.364
62	3385.467	1333.025	2646.139	3735.755	2840.665	4536.061	1711.965	1269.314	1859.402	1350.226	2878.615	1774.123	2243.271	1923.945	2823.371	1582.668
63	122735.989	86950.567	119371.367	109950.911	160751.917	98835.23	77111.085	31983.47	67380.745	48575.61	89372.555	50685.491	159872.127	41380.656	89669.282	93920.514
64	786.076	579.687	669.999	659.853	516.534	960.031	871.611	641.351	975.684	497.844	675.312	754.843	883.148	809.317	884.34	960.93
65	548.642	278.007	233.914	89.313	224.045	139.781	411.804	512.818	521.234	379.447	226.83	650.712	274.157	440.08	206.659	306.759
66	5982.964	1969.478	2150.279	1354.799	2114.028	1501.366	2449.369	2977.951	2520.141	2085.932	1955.857	2582.598	1617.175	3015.111	1731.658	2511.753
67	104721.782	82448.157	119884.68	107045.857	108964.04	113030.235	76381.74	87976.993	97960.171	72125.015	112060.462	104177.684	61372.618	106925.483	124344.438	54555.456
68	64141.866	76524.235	80813.051	67632.378	81415.432	74488.696	72442.563	84178.433	64290.457	83918.775	61270.656	61404.538	83605.649	71785.241	62608.385	91299.733
69	3173.573	3590.052	2493.776	3564.391	4074.107	2954.749	2795.805	1869.821	3008.076	2225.692	4977.555	2160.399	1506.67	1606.899	2755.076	2250.481
70	1296.414	2881.961	1446.639	1198.718	1866.491	1627.157	1776.214	1914.859	1988.503	1809.536	1467.983	2402.129	2281.152	2688.572	1409.597	2781.753
71	48811.958	36035.639	8858.061	53981.567	47976.902	35614.498	41158.832	33235.013	34171.695	20213.93	37597.264	21957.048	54406.143	37461.572	15099.475	41393.807
72	66068.775	65586.256	79554.677	80632.579	48681.33	84003.666	74342.804	109434.228	77788.47	98813.58	78883.574	80385.501	60821.358	70212.116	88967.343	72728.874
73	22610.293	19296.809	25872.275	25276.135	16707.799	25470.259	23699.085	27241.165	23187.34	26129.006	29061.84	28806.976	17089.128	21914.863	32427.09	20143.846
74	3568.287	1738.075	1464.326	1272.749	1554.005	1365.297	2776.702	2264.392	3189.726	3625.298	2455.085	2461.269	905.031	1603.737	1879.007	1660.072
75	22349.469	14482.921	28357.372	36395.274	15601.691	26104.976	23046.89	26829.712	20601.782	34465.777	23180.232	21620.934	23380.402	21706.317	25536.467	13133.179
76	10302.182	55999.263	20833.114	14795.824	7361.202	12067.355	12874.828	21712.592	26760.085	16425.156	29636.754	20638.087	8558.45	14263.656	23153.871	23943.465
77	24059.428	14389.477	21743.758	17615.574	11771.638	16633.062	24156.776	20101.941	17547.18	25524.459	16856.425	15759.265	13403.185	18978.446	21832.798	13911.777
78	26844.735	20219.695	36390.341	36162.867	29159.472	28445.214	27790.463	30589.716	26730.612	46862.035	29895.376	33168.532	19994.912	24929.5	32653.563	20492.048
79	1379.41	1136.941	754.194	911.655	1262.251	1061.461	2189.631	1442.287	1290.908	1130.289	1077.023	1157.558	1242.252	1211.626	860.287	1643.931
80	21797.534	14398.892	10617.288	17171.23	7136.784	15146.044	9492.58	14173.394	14182.281	14359.604	13086.6	23133.586	6853.196	10004.197	14035.118	12840.796
81	5124.823	3485.941	3634.856	3102.711	2875.709	3757.77	6704.84	3897.528	3483.503	7093.236	4555.783	3680.931	3625.274	3553.951	5043.674	3823.317
82	2923.75	3192.191	3549.151	3130.379	3032.046	3403.641	4279.041	3362.941	3294.738	3074.325	3784.613	3640.6	3342.476	3881.547	3710.005	3490.73
83	52953.654	30805.559	54910.685	43124.633	32954.108	48660.968	23610.643	31145.483	28805.696	32335.286	49490.85	32397.335	30696.977	36208.659	54397.008	24024.976
84	10295.55	7471.625	35005.906	10883.323	7915.352	16725.312	12576.154	10610.03	9981.202	16068.462	11287.908	10239.061	9393.796	11671.029	13609.338	8199.696
85	1553.696	1856.195	1656.669	1776.858	1326.291	1917.835	2035.576	1792.324	2141.326	2028.186	1512.11	1522.481	2048.178	1807.002	1655.712	1487.648
86	4242.73	3019.912	3705.442	3534.76	2859.557	3541.391	2631.33	2803.286	4304.549	2587.215	2997.191	3274.235	2561.928	2237.466	3794.248	3584.869
87	3746.238	4091.535	5138.937	3971.419	2570.557	3997.127	3911.639	3235.71	4216.318	3046.947	3973.559	4380.027	3371.527	4425.784	3639.904	4199.194
88	5400.942	4733.071	4935.256	3047.383	2155.676	3472.373	5667.396	5974.379	5922.266	5956.292	3453.904	4986.51	2723.553	6289.909	4185.905	4244.968
89	8272.287	7460.597	5699.875	9787.748	12339.558	7921.359	6529.078	7443.328	10847.129	4586.097	5060.446	7788.294	6247.505	6820.895	4904.139	10962.884
90	5355.943	6011.438	5480.701	5151.095	6168.493	5821.509	8347.838	5361.285	6086.402	6712.288	5006.175	4182.01	7927.203	4833.604	4856.436	4456.715
91	3769.374	3144.969	3107.623	3219.523	2411.65	3218.566	4903.82	4577.425	3969.8	4265.042	3323.683	4043.223	2905.955	5174.105	3444.343	3230.344
92	359.506	547.587	304.052	341.283	220.193	462.692	646.609	580.931	525.616	430.54	497.184	515.401	284.454	545.527	391.411	687.26
93	1279.912	482.141	863.255	1515.41	1214.725	1070.816	724.751	511.623	672.323	428.5	888.748	646.902	955.229	521.13	880.371	978.463
94	2489.774	1538.894	3024.863	1691.727	1378.766	2306.148	1507.67	1960.4	1572.006	1687.815	2731.479	1982.806	1470.261	2155.826	1975.587	1275.761
95	3365.113	1825.581	2793.518	4220.487	3300.858	2799.5	1836.372	2232.539	2646.596	1494.386	2588.204	2373.573	1847.938	3169.586	2546.316	1698.078
96	7489.059	4062.654	5229.554	4099.753	6803.566	4682.514	10135.839	10427.567	6857.532	10197.504	4015.576	5955.458	19266.578	3855.271	4267.718	6152.449
97	358.617	175.01	465.862	338.379	452.862	376.637	225.502	111.253	210.573	272.429	834.902	472.528	279.675	158.345	353.856	820.572
98	4947.951	4170.239	5215.12	6111.673	7862.324	7696.177	6681.4	3908.318	4831.622	2735.558	4421.455	3620.009	11866.725	5186.189	5399.737	5410.828
99	242.49	220.498	34.464	154.204	125.876	147.191	116.967	134.022	104.922	47.014	117.274	221.396	123.195	159.869	87.422	108.368
100	421.39	188.89	361.338	270.243	396.347	274.93	346.807	310.788	428.265	325.669	336.666	317.815	524.594	414.744	498.778	401.041
101	2490.537	1898.708	995.514	1537.953	2169.255	2203.14	3232.91	1921.25	1771.905	1606.232	2268.548	2722.061	1750.121	5295.503	1917.314	4005.641
102	12086.045	5761.81	7564.765	7882.217	7962.877	6369.794	8738.683	6427.174	7019.751	6486.659	13599.719	7018.372	6191.797	4575.452	10230.512	6250.548
103	56.135	12.642	7.18	98.449	29.176	109.027	24.311	14.78	18.977	19.214	0	10.422	18.387	22.168	18.733	22.598
104	72.255	94.322	74.293	108.097	48.258	143.115	128.627	119.342	157.109	99.075	103.235	159.882	119.518	115.767	116.502	175.869
105	360.009	280.859	311.457	882.025	399.831	435.274	143.264	624.97	569.954	342.2	509.139	472.699	304.313	463.889	534.082	582.559
109	60.749	0	30.08	0	13.579	0	0	0	0	0	0	0	0	0	0	0
110	1252.726	220.745	127.046	18.186	225.146	137.002	197.219	223.504	359.475	159.078	356.168	489.135	430.631	400.668	52.648	169.851
