11.1
11.1
11.1
11.1
11.1
11.1
11.1
11.1
11.1
16.4
25.4
25.4
25.4
25.4
25.4
25.4
25.4
25.4
25.4
25.4
25.4
25.4
25.4
25.4
25.4
25.4
25.4
25.4
25.4
25.4
25.4
25.4
25.4
25.4
25.4
25.4
25.4
25.4
25.4
25.4
25.4
25.4
25.4
25.4
25.4
25.4
25.4
25.4
25.4
25.4
25.4
25.4
25.4
25.4
25.4
25.4
25.4
25.4
25.4
25.4
25.4
25.4
25.4
25.4
25.4
25.4
25.4
38.2
42
46.7
48.3
50.1
50.1
50.1
50.1
50.1
50.1
50.1
50.1
50.1
50.1
50.1
50.1
50.1
50.1
50.1
50.1
50.1
50.1
50.1
50.1
50.1
50.1
50.1
50.1
50.1
50.2
50.2
50.2
50.2
50.2
50.2
50.2
53.2
54.4
56.7
56.7
56.7
56.7
56.7
56.7
56.7
56.7
56.7
56.7
56.7
56.7
56.7
56.7
56.7
56.7
56.7
56.7
56.7
56.7
56.7
56.7
56.7
56.7
56.7
56.7
56.7
56.7
56.7
56.7
56.7
56.7
56.7
56.7
56.7
56.7
56.7
56.7
56.7
56.7
56.7
56.7
56.7
56.7
56.7
56.7
56.7
56.7
56.7
56.7
56.7
56.7
56.7
56.7
56.7
56.7
56.7
56.7
56.7
56.7
56.7
56.7
56.7
56.7
56.7
56.7
56.7
56.7
56.7
56.7
56.7
56.7
56.9
56.9
56.9
56.9
56.9
56.9
56.9
56.9
56.9
56.9
56.9
56.9
56.9
56.9
56.9
56.9
56.9
56.9
56.9
56.9
56.9
56.9
56.9
56.9
56.9
56.9
56.9
56.9
56.9
56.9
56.9
56.9
56.9
56.9
56.9
56.9
56.9
56.9
56.9
56.9
56.9
56.9
56.9
56.9
56.9
56.9
56.9
56.9
56.9
56.9
56.9
56.9
56.9
56.9
56.9
60.3
63.1
63.1
63.1
63.1
63.1
63.1
63.1
63.1
63.1
63.1
63.1
63.1
63.1
63.1
63.1
63.1
63.1
63.1
63.1
63.1
63.1
63.1
63.1
63.1
63.1
63.1
63.1
63.1
63.1
63.1
63.1
63.1
63.1
63.1
63.1
63.1
63.1
63.1
63.1
63.1
63.1
63.1
63.1
63.1
63.1
63.1
63.1
63.1
63.1
63.1
63.1
63.1
63.1
63.1
63.1
63.1
63.1
63.1
63.1
63.1
63.1
63.1
63.1
63.1
63.1
63.1
63.1
63.1
63.1
63.1
63.1
63.1
63.1
63.1
63.1
63.1
63.1
63.1
63.1
63.1
63.1
63.1
63.1
63.1
63.1
63.1
63.1
63.1
63.1
63.1
63.1
63.1
63.1
63.1
63.1
63.1
63.1
63.1
63.1
63.1
63.1
63.1
63.1
63.1
63.1
63.1
63.1
63.1
63.1
63.1
63.1
63.1
63.1
63.1
63.1
63.1
63.1
63.1
63.1
63.1
63.1
63.1
63.1
63.1
63.1
63.1
63.1
63.1
63.1
63.1
63.1
63.1
63.1
63.1
63.1
63.1
63.1
63.1
63.1
63.1
63.1
63.1
63.1
63.1
63.1
63.1
63.1
63.1
63.1
63.1
63.1
63.1
63.1
63.1
63.1
63.1
63.1
63.1
63.1
63.1
63.1
63.1
63.1
63.1
63.1
63.1
63.1
63.1
63.1
63.1
63.1
63.1
63.1
63.1
63.1
63.1
63.1
63.1
63.1
63.1
63.1
63.1
63.1
63.1
63.1
63.1
63.1
63.1
63.1
63.1
63.1
63.1
63.1
63.1
63.1
63.1
63.1
63.1
63.1
63.1
63.1
63.1
63.1
63.1
63.1
63.1
63.1
63.1
63.1
63.1
63.1
63.1
63.1
63.1
63.1
63.1
63.1
63.1
63.1
63.1
63.1
63.1
63.1
63.1
63.1
63.1
63.1
63.1
63.1
63.1
63.1
63.1
63.1
63.1
63.1
63.1
63.1
63.1
63.1
63.1
63.1
63.1
63.1
63.1
63.1
63.1
63.1
63.1
63.1
63.1
63.1
63.1
63.1
63.1
63.1
63.1
63.1
63.1
63.1
63.1
63.1
63.1
63.1
63.1
63.1
63.1
63.1
63.1
63.1
63.1
63.1
63.1
63.1
63.1
63.1
63.1
63.1
63.1
63.1
63.1
63.1
63.1
63.1
63.1
63.1
63.1
63.1
63.1
63.1
63.1
63.1
63.1
63.1
63.1
63.1
63.1
63.1
63.1
63.1
63.1
63.1
63.1
63.1
63.1
63.1
63.1
63.1
63.1
63.1
63.1
63.1
63.1
63.1
63.1
63.1
63.1
63.1
63.1
63.1
63.1
63.1
63.1
63.1
63.1
63.1
63.1
63.1
63.1
63.1
63.1
63.1
63.1
63.1
63.1
63.1
63.1
63.1
63.1
63.1
63.1
63.1
63.1
63.1
63.1
63.1
63.1
63.1
63.1
63.1
63.1
63.1
63.1
63.1
63.1
63.1
63.1
63.1
63.1
63.1
63.1
63.1
63.1
63.1
63.1
63.1
63.1
63.1
63.1
63.1
63.1
63.1
63.1
63.1
63.1
63.1
63.1
63.1
63.1
63.1
63.1
63.1
63.1
63.1
63.1
63.1
63.1
63.1
63.1
63.1
63.1
63.1
63.1
63.1
63.1
63.1
63.1
63.1
63.1
63.1
63.1
63.1
63.1
63.1
63.1
63.1
63.1
63.1
63.1
63.1
63.1
63.1
63.1
63.1
63.1
63.1
63.1
63.1
63.1
63.1
63.1
63.1
63.1
63.1
63.1
63.1
63.1
63.1
63.1
63.1
63.1
63.1
63.1
63.1
63.1
63.1
63.1
63.1
63.1
63.1
63.1
63.1
63.1
63.1
63.1
63.1
63.1
63.1
63.1
63.1
63.1
63.1
63.1
63.1
63.1
63.1
63.1
63.1
63.1
63.1
63.1
63.1
63.1
63.1
63.1
63.1
63.1
63.1
63.1
63.1
63.1
63.1
63.1
63.1
63.1
63.1
63.1
63.1
63.1
63.1
63.1
63.1
63.1
63.1
63.1
63.1
63.1
63.1
63.1
63.1
63.1
63.1
63.1
63.1
63.1
63.1
63.1
63.1
63.1
63.1
63.1
63.1
63.1
63.1
63.1
63.1
63.1
63.1
63.1
63.1
63.1
63.1
63.1
63.1
63.1
63.1
63.1
63.1
63.1
63.1
63.1
63.1
63.1
63.1
63.1
63.1
63.1
63.1
63.1
63.1
63.1
63.1
63.1
63.1
63.1
63.1
63.1
63.1
63.1
63.1
63.1
63.1
63.1
63.1
63.1
63.1
63.1
63.1
63.1
63.1
63.1
63.1
65.8
67.3
67.3
67.7
67.7
67.7
69.7
70.1
71.3
76.7
79.6
79.8
80.5
82.5
82.6
82.6
82.6
82.6
82.6
82.6
82.6
82.6
82.6
82.6
82.6
82.6
82.6
82.6
82.6
82.6
82.6
82.6
82.6
82.6
82.6
82.6
82.6
82.6
82.6
82.6
82.6
82.6
82.6
82.6
82.6
82.6
82.6
82.6
82.6
82.6
82.6
82.6
82.6
82.6
82.6
82.6
82.6
82.6
82.6
82.6
82.6
82.6
82.6
82.6
82.6
82.6
82.6
82.6
82.6
82.6
82.6
82.6
82.6
82.6
82.6
82.6
82.6
82.6
82.6
82.6
82.6
82.6
82.6
82.6
82.6
82.6
82.6
82.6
82.6
82.6
82.6
82.6
82.6
82.6
82.6
82.6
82.6
82.6
82.6
82.6
82.6
82.6
82.6
82.6
82.6
82.6
82.6
82.6
82.6
82.6
82.6
82.6
82.6
82.6
82.6
82.6
82.6
82.6
82.6
82.6
82.6
82.6
82.6
82.6
82.6
82.6
82.6
82.6
82.6
82.6
82.6
82.6
82.6
82.6
82.6
82.6
82.6
82.6
82.6
82.6
82.6
82.6
82.6
82.6
82.6
82.6
82.6
82.6
82.6
83.6
83.6
84.1
84.2
84.2
84.2
84.2
89
89
89
89
89
89
89
89
89
90
90.7
90.7
90.7
90.7
90.7
90.7
90.7
90.7
90.7
90.7
90.7
90.7
93.3
93.3
93.3
93.3
93.3
93.3
93.3
93.3
93.3
93.3
93.3
93.3
93.3
93.3
93.3
93.3
93.3
97.9
101.6
101.6
101.6
101.6
101.6
101.6
101.6
101.6
101.6
