Avg of 3 Human Tox	DicerKO.rep1	DicerKO.rep2	DroshaKO.rep1	DroshaKO.rep2	Wildtype.rep1	Wildtype.rep2
3	21.715	14.047	10.234	12.387	1.129	0.792
4	19.647	28.096	121.6	107.893	7.128	6.849
5	286.433	242.324	1174.753	1365.454	48.718	44.092
6	92.028	47.995	309.42	364.842	26.142	22.53
7	183.027	172.087	1373.41	1348.67	143.54	123.956
8	115.812	110.041	82.472	95.506	106.59	86.599
9	279.194	278.615	1752.647	1761.063	134.456	124.238
10	437.4	316.075	1067.007	1148.867	1460.431	1285.016
11	361.92	361.729	2352.212	2445.994	641.504	683.236
12	681.441	675.461	2924.391	2314.919	189.996	186.218
13	262.644	290.325	1055.266	1011.398	36.474	33.457
14	48.599	55.021	37.926	53.548	77.12	70.639
15	306.077	306.716	735.922	667.34	41.941	43.185
16	341.239	292.664	517.703	461.947	2848.784	2468.758
17	581.135	642.683	505.367	615.794	111.039	106.015
18	624.565	586.49	1708.414	1757.866	1845.252	1700.795
19	196.47	199.009	522.818	489.12	49.787	47.886
20	30185.399	31395.468	25789.981	27073.354	540.836	564.098
21	449.809	382.801	3690.097	3554.495	1399.045	1296.723
22	215.078	220.082	220.626	226.577	13547.126	13300.147
23	355.712	146.334	45655.924	45023.691	1095.427	927.639
24	960.632	785.511	1044.74	1208.815	1092.516	958.027
25	331.928	326.608	547.201	639.767	3076.815	3005.838
26	14988.772	13609.897	180244.966	157383.924	37036.264	35898.557
27	457.054	433.143	682.943	619.391	418.813	375.038
28	12940.289	11912.452	7565.589	6969.936	539.18	494.812
29	169.581	172.086	238.385	248.153	2013.588	1732.551
30	7986.08	7273.202	5164.93	5142.537	651.959	621.707
31	14001.228	13684.814	12779.877	12658.728	431.214	396.155
32	803.464	801.892	1910.668	1817.81	145.024	117.108
33	137.528	158.034	242.902	263.74	33.031	34.359
34	2315.259	2541.466	1598.853	1801.433	177.465	163.522
35	125.118	118.238	235.074	227.376	861.938	920.723
36	2085.692	2186.767	3313.876	3151.304	291.352	257.895
37	4045.25	4131.204	2883.163	2879.57	662.113	588.374
38	10216.551	9518.502	7125.865	6921.184	303.775	289.639
39	680.409	668.44	1049.546	1127.288	54.473	47.78
40	18398.079	18417.716	9392.593	9787.969	995.185	1023.869
41	15191.444	14622.492	23721.01	23005.76	2267.691	2137.199
42	2575.84	2820.082	2047.924	1998.026	1213.188	1286.596
43	437.394	471.776	1222.316	1213.602	1619.232	1450.736
44	5153.768	4974.064	4507.288	4942.337	935.427	885.065
45	4178.643	3935.7	3006.561	3034.209	931.21	857.222
46	3671.956	3329.308	2570.44	2437.998	43940.823	40683.571
47	1005.098	924.81	1355.659	1359.062	1550.259	1486.962
48	696.951	1096.899	594.756	708.098	4299.768	3995.45
49	80496.834	74815.748	48289.59	46891.852	1175.476	1130.584
50	1061.963	892.049	1291.253	2060.769	463.361	445.684
51	501.517	456.554	1071.516	1137.679	664.67	623.341
52	10401.646	9937.587	5231.163	5275.207	4625.943	4308.956
53	9976.657	9118.132	6938.343	7025.084	724.919	701.116
54	736.242	680.145	5074.034	5178.904	11469.887	8308.143
55	1504.556	1305.272	52453.398	55824.263	10096.149	9822.154
56	2427.971	2024.049	2562.611	2553.881	276.447	250.236
57	1319.455	978.663	2974.357	2562.684	20566.156	20761.249
58	2397.979	1373.166	3333.438	3703.556	487.188	422.028
59	1130.222	1023.146	2018.438	1997.623	1047.366	1090.928
60	757.955	772.637	1020.06	1059.354	3742.622	3980.73
61	7838.19	7895.996	11697.533	11602.973	4148.606	4201.932
62	92934.574	87620.228	46725.67	46644.892	2412.634	2337.814
63	2223.225	2924.272	1272.581	1867.763	55611.793	62124.179
64	1388.726	1314.648	2934.352	3063.382	1129.88	1045.643
65	15251.391	15560.179	13630.176	14099.719	1585.885	1686.948
66	6503.211	6303.909	7942.453	8189.54	29787.049	30290.888
67	1949.192	2080.241	867.159	1380.645	35616.189	34959.982
68	37922.228	33932.259	28215.961	28012.838	120708.618	113791.294
69	2154.974	2809.545	1581.698	1719.909	1761.54	1785.933
70	5054.481	5096.983	5585.737	6023.658	859.067	800.863
71	64457.45	63943.998	21913.289	20974.954	1727.542	1825.729
72	5729.729	5245.659	26520.187	28438.423	72971.052	76604.052
73	5503.259	5497.353	4196.682	4266.204	15942.067	16227.721
74	2598.576	5565.236	3748.195	3561.298	2142.318	2055.124
75	11853.46	12367.839	2664.962	2499.536	6405.367	6143.117
76	7471.093	7123.368	6118.773	6911.186	1407.215	1380.686
77	5098.946	4782.086	9442.253	9772.787	7588.27	7379.943
78	9746.04	10480.779	4078.68	4144.32	29271.152	27944.168
79	2413.493	2422.063	2400.082	1863.77	1458.988	1244.654
80	34589.442	34322.095	21395.027	21552.797	32504.213	29111.791
81	32281.423	30331.348	14922.311	15036.801	25057.51	25069.945
82	9263.116	9980.909	8002.057	8527.605	3115.229	3460.477
83	8734.721	9265.635	2760.368	2783.261	16828.141	18241.233
84	106766.259	116085.587	2670.069	2585.46	194974.748	206613.794
85	4293.399	4523.363	5533.055	5934.556	5042.495	4718.755
86	19127.076	16321.105	22806.321	24920.269	7041.755	7201.265
87	39399.929	36858.849	19768.175	20953.379	2829.927	2963.225
88	2535.502	2624.588	1462.814	1584.441	4394.286	5010.064
89	1810.63	1671.686	8368.932	8518.021	6960.691	7199.958
90	7501.082	7693.47	3606.433	2391.649	51895.225	50301.715
91	1400.106	1229.185	834.343	851.966	26635.908	25916.331
92	444.637	564.254	220.928	244.956	636.038	665.4
93	754.857	845.206	1139.245	1173.643	215.492	248.256
94	3179.727	3178.299	4495.246	4050.411	1287.334	1224.511
95	406.381	431.968	142.972	137.86	470.506	461.747
96	663.861	752.725	339.821	366.442	666.926	780.074
97	768.301	746.868	404.831	468.335	86.386	80.263
98	842.761	614.587	379.848	258.547	4274.103	3751.434
99	59.973	70.241	55.685	53.947	98.033	109.015
100	2849.881	3031.963	3135.681	2961.891	193.153	200.429
101	1664.844	1500.762	1041.712	1031.382	684.94	762.074
102	197.503	114.723	65.015	37.962	1637.786	1716.754
103	37.226	60.872	52.974	26.374	13.486	14.151
104	25.851	23.413	13.845	9.591	14.022	14.771
105	3.102	7.024	2.408	8.392	2.436	3.849
109	52.736	65.556	62.908	75.128	31.192	31.073
110	14.476	10.535	5.418	5.994	0.476	0.339
