     18 3.3
      1 4
     23 4.5
     69 4.7
     44 5
    152 5.2
     29 5.8
      8 6
     33 6.1
     15 6.7
     13 6.8
     14 6.9
     67 7.2
     18 7.3
     50 7.4
      2 7.5
     98 8.2
     14 8.5
    234 9
     28 9.1
      9 9.2
      8 9.3
     45 9.6
      3 9.7
     91 9.9
     16 10
     34 10.1
    134 10.2
      8 10.3
     41 10.4
      5 10.5
     14 10.9
      7 11
    320 11.1
      4 11.3
     17 11.4
     20 11.6
     64 11.7
    487 11.8
     55 12
     32 12.1
     18 12.2
      2 12.3
     99 12.6
      8 12.8
      2 12.9
    130 13
     34 13.1
      4 13.3
      1 13.5
      9 13.6
      5 13.7
     11 13.8
      9 14
      9 14.1
      9 14.4
      6 14.6
    157 14.7
     34 14.8
     13 15.1
     96 15.3
     17 15.5
     43 15.8
     32 16
    203 16.2
     22 16.4
     81 16.6
     96 16.7
     17 16.9
     33 17.1
     13 17.2
    291 17.3
     80 17.4
      7 17.5
      3 17.6
     28 17.7
      8 17.8
     19 18
    275 18.1
     20 18.2
     23 18.3
    119 18.4
    103 18.5
    163 18.6
      9 18.8
      3 19
     18 19.1
      4 19.2
     19 19.5
      2 19.6
  29834 19.7
     11 19.9
      9 20
    169 20.1
    560 20.2
    149 20.4
     38 20.5
     21 20.6
     12 20.7
    101 20.9
    102 21.1
    180 21.3
    123 21.6
      5 21.7
      1 21.8
     82 21.9
      3 22.2
      4 22.4
      2 22.6
      5 22.7
     17 22.9
      3 23
    152 23.1
      3 23.2
     62 23.3
      6 23.4
     43 23.5
     60 23.6
     13 23.7
    188 23.8
     23 23.9
     75 24
     13 24.2
     47 24.3
     63 24.4
    349 24.5
      5 24.6
      3 24.7
     97 25
     18 25.1
     11 25.3
    194 25.4
      5 25.5
      2 25.7
    831 25.8
     19 25.9
      3 26
      3 26.1
  13056 26.2
     24 26.3
    357 26.4
     22 26.6
      1 26.7
      4 26.8
     47 26.9
     55 27
    298 27.2
     19 27.3
      8 27.6
      5 27.7
     64 27.8
     24 28
  12301 28.2
      4 28.3
     21 28.5
     14 28.7
      4 28.8
      2 28.9
      2 29
     50 29.1
     27 29.2
     48 29.3
     23 29.4
      3 29.5
    106 29.9
    204 30.1
    113 30.2
   7159 30.3
     43 30.4
   4815 30.6
    175 30.7
      5 30.8
     24 30.9
   8782 31
     15 31.1
     27 31.3
     67 31.5
     35 31.6
    348 31.7
     25 31.8
    242 32.1
     87 32.5
      1 32.6
     30 32.7
     18 32.8
      2 32.9
     24 33
      9 33.1
     30 33.2
     33 33.4
     61 33.5
     47 33.6
      1 33.7
     16 33.8
   2223 33.9
     44 34.1
     11 34.2
     17 34.4
      7 34.5
     24 34.6
     11 34.7
     11 34.8
     53 34.9
     14 35
      3 35.2
      5 35.3
    101 35.6
    200 35.7
   1107 35.8
    214 36
     89 36.1
    269 36.2
     10 36.3
      7 36.4
    140 36.5
    174 36.6
     21 36.7
     92 36.8
     22 36.9
     19 37
     72 37.1
   3688 37.2
      1 37.3
     36 37.6
     35 37.8
   9586 37.9
     46 38
     18 38.1
    114 38.2
     27 38.3
      6 38.5
     15 38.6
    546 38.7
     25 38.8
     22 39
     28 39.2
      7 39.3
     31 39.4
    191 39.5
      2 39.6
  17475 39.7
     12 39.8
     10 39.9
    361 40
    304 40.1
     34 40.3
      6 40.4
     12 40.5
     55 40.6
    164 40.7
      7 40.8
     19 40.9
     13 41
     65 41.2
  14482 41.3
    102 41.4
     13 41.5
    141 41.6
      8 41.7
     26 41.8
    158 41.9
     33 42
   1114 42.1
   1178 42.2
     18 42.3
      9 42.4
     59 42.6
     12 42.7
     76 42.8
     82 42.9
     40 43
    100 43.1
     66 43.2
     12 43.3
      9 43.4
    130 43.5
      7 43.6
     53 43.7
   4443 43.8
    243 44
      2 44.1
     31 44.2
     89 44.3
     21 44.4
     46 44.5
   1407 44.6
    132 44.7
   2340 44.8
    142 44.9
      8 45
      3 45.2
      7 45.3
     18 45.4
     15 45.5
     18 45.7
      1 45.8
      9 45.9
     22 46
     67 46.1
     21 46.2
   3167 46.3
    108 46.4
     74 46.5
      4 46.6
     76 46.7
     26 46.8
     12 46.9
     82 47.1
     97 47.2
     19 47.3
    649 47.4
      2 47.5
      5 47.6
     80 47.8
      4 47.9
      1 48
      9 48.2
    282 48.3
    434 48.4
     80 48.5
   5825 48.6
      9 48.8
     35 49.1
  71764 49.2
      5 49.3
     18 49.4
      6 49.6
     84 49.7
     12 49.8
      2 49.9
      7 50
     51 50.1
    118 50.2
    434 50.3
    182 50.4
     81 50.5
    184 50.6
     14 50.7
      5 50.9
     19 51
     25 51.1
     21 51.2
      2 51.3
    209 51.4
     65 51.5
     28 51.6
     46 51.7
    147 51.8
     23 51.9
     14 52
     59 52.1
     10 52.2
     14 52.3
   9727 52.4
     37 52.5
     81 52.6
     19 52.7
    647 53
   8622 53.1
     91 53.2
      2 53.3
     85 53.4
     53 53.5
    209 53.6
     43 53.7
     60 53.8
    139 53.9
     21 54
     71 54.1
     66 54.2
     12 54.3
     28 54.4
      6 54.5
      3 54.6
     12 54.7
    124 54.8
     11 55
    310 55.1
    400 55.2
    540 55.3
      6 55.4
     11 55.5
      3 55.6
     64 55.7
      9 55.8
     50 55.9
   1624 56
     23 56.1
    183 56.2
    200 56.3
     26 56.4
     33 56.5
    415 56.6
    173 56.7
     94 56.8
     86 56.9
     11 57
     54 57.1
     23 57.2
     58 57.3
    235 57.4
     73 57.5
   1091 57.6
     74 57.7
     26 57.8
      4 57.9
    378 58
      3 58.1
    151 58.2
     85 58.3
     23 58.6
      5 58.7
    704 58.8
    184 58.9
     27 59
     61 59.1
     24 59.2
     10 59.3
     39 59.4
     73 59.5
     89 59.6
    306 59.7
    103 59.8
     28 59.9
      8 60
      3 60.1
     11 60.2
     54 60.3
     84 60.4
      6 60.5
     53 60.6
    192 60.7
     84 60.8
      7 60.9
   3887 61
    344 61.1
    614 61.2
   2667 61.3
     18 61.4
     45 61.5
     11 61.6
  86520 61.7
    461 61.8
   1864 61.9
     26 62
    824 62.1
     92 62.2
    168 62.3
     19 62.4
    248 62.5
     19 62.6
     60 62.7
     22 62.8
    256 62.9
   1495 63
    500 63.1
    166 63.2
     22 63.3
     33 63.4
    390 63.5
     34 63.6
     11 63.7
    137 63.8
    312 63.9
     21 64
     92 64.1
     27 64.2
      9 64.3
    183 64.4
    135 64.5
     39 64.6
    181 64.7
     80 64.8
    475 64.9
   2447 65
     16 65.1
    758 65.2
  11395 65.3
     15 65.4
   3682 65.5
    500 65.6
    386 65.7
     62 65.8
    631 65.9
    133 66
     36 66.1
    308 66.2
    372 66.3
    191 66.4
    102 66.5
     56 66.6
    336 66.7
     26 66.8
    541 66.9
     24 67
    388 67.1
    189 67.2
    370 67.3
     85 67.4
   5034 67.5
  18269 67.6
    335 67.7
     69 67.8
    157 67.9
   1042 68
   8989 68.1
    693 68.2
   1281 68.3
     15 68.4
     45 68.5
     33 68.6
    129 68.7
     95 68.8
   1559 68.9
    200 69
     28 69.1
    294 69.2
     15 69.3
    130 69.4
     46 69.5
   3425 69.6
     56 69.7
    303 69.8
     45 69.9
    312 70
    139 70.1
     81 70.2
    168 70.3
     20 70.4
    481 70.5
    176 70.6
     77 70.7
  62682 70.8
     11 70.9
    109 71
     15 71.1
    647 71.2
     48 71.3
    434 71.4
    335 71.5
    127 71.6
     58 71.7
    250 71.8
     54 71.9
     31 72
     16 72.1
    146 72.2
    143 72.3
   4042 72.4
    287 72.5
   1413 72.6
     97 72.7
    593 72.8
     67 72.9
   1906 73
     23 73.1
      6 73.2
   1380 73.3
     16 73.4
     56 73.5
      1 73.6
   2842 73.7
     38 73.8
    312 73.9
    126 74
     87 74.1
     31 74.2
     12 74.3
      5 74.4
    571 74.5
  10707 74.6
    115 74.7
    373 74.8
     47 74.9
     86 75
    313 75.1
    147 75.2
    114 75.3
    208 75.4
     81 75.5
     18 75.6
     56 75.7
     18 75.8
    748 75.9
    107 76
    104 76.1
     92 76.2
     46 76.3
   5963 76.4
     64 76.5
   3155 76.6
     10 76.7
     26 76.8
    400 76.9
     86 77
    110 77.1
    720 77.2
     77 77.3
    355 77.4
     92 77.5
     38 77.6
    595 77.7
    542 77.8
      3 77.9
     69 78
    115 78.1
    156 78.2
   5238 78.3
   1652 78.4
   1613 78.5
   1243 78.6
    122 78.7
    494 78.8
     58 78.9
    109 79
     22 79.1
     36 79.2
    204 79.3
    128 79.4
   3316 79.5
    247 79.6
      3 79.7
     82 79.8
    271 79.9
     57 80
    110 80.1
    950 80.2
  29150 80.3
     88 80.4
    181 80.5
    271 80.6
     62 80.7
    106 80.8
    205 80.9
    136 81
   1869 81.1
   2544 81.2
  25189 81.3
    926 81.4
    768 81.5
    208 81.6
   6224 81.7
     89 81.8
    367 81.9
    635 82
    232 82.1
    136 82.2
     95 82.3
     18 82.4
    851 82.5
   2342 82.6
   2451 82.7
   2999 82.8
     80 82.9
    176 83
    724 83.1
     58 83.2
    160 83.3
     10 83.4
    122 83.5
    149 83.6
     80 83.7
      1 83.8
     56 83.9
    498 84
    948 84.1
 107234 84.2
     52 84.3
   2115 84.4
    172 84.5
    618 84.6
    422 84.7
     80 84.8
    960 84.9
    132 85
     94 85.1
     40 85.2
    341 85.3
   1722 85.4
    131 85.5
    116 85.6
     57 85.7
   1205 85.8
     59 85.9
  15330 86
     19 86.1
    116 86.2
    231 86.3
    237 86.4
    222 86.5
  34317 86.6
     83 86.7
   2555 86.8
     29 86.9
     78 87
    473 87.1
    109 87.2
    306 87.3
    179 87.4
    764 87.5
     63 87.6
    279 87.7
     66 87.8
     87 87.9
     70 88
    677 88.1
    438 88.2
     63 88.3
     15 88.4
     59 88.5
      6 88.6
    266 88.7
    695 88.8
      4 88.9
     88 89
    387 89.1
     34 89.3
    261 89.4
      1 89.5
     78 89.6
     78 89.7
   3991 89.8
     37 89.9
     39 90
   2167 90.1
    878 90.2
    176 90.3
     13 90.4
    140 90.5
    150 90.6
    364 90.7
    139 90.9
     38 91
    241 91.1
     53 91.2
     21 91.3
    310 91.4
    207 91.5
    108 91.6
     35 91.7
     11 91.8
     22 91.9
     72 92
     15 92.1
      1 92.3
      7 92.4
     26 92.5
     18 92.6
     23 92.7
     42 92.8
    317 92.9
     64 93
     16 93.1
    179 93.2
     66 93.3
     75 93.4
     42 93.5
     81 93.6
      4 93.7
    389 93.8
    585 93.9
     73 94
      3 94.1
    143 94.2
    268 94.3
   1587 94.4
      4 94.5
     45 94.6
     10 94.7
     44 94.8
    179 94.9
     56 95
     36 95.1
     18 95.2
     32 95.3
     83 95.5
    139 95.6
      5 95.7
    248 95.8
    190 95.9
      1 96.1
     19 96.2
      5 96.3
     21 96.5
     96 96.7
     15 96.8
    106 96.9
    393 97
     21 97.1
      3 97.2
     67 97.3
     57 97.4
     22 97.5
      4 97.6
     35 97.8
      7 97.9
     11 98
      3 98.2
    646 98.3
      1 98.5
      6 98.6
      8 98.7
     26 99
      1 99.1
     21 99.2
      3 99.3
     13 99.9
   2868 100
     35 100.1
      3 100.3
     22 100.4
      5 100.6
     30 100.7
     34 100.9
      3 101.1
   1511 101.3
    137 101.6
     13 101.9
      7 102.1
     34 102.8
     14 103.1
      1 103.2
     17 103.9
      8 104
      2 104.6
      3 105.4
      3 108.7
     40 108.8
     16 109.3
     13 110.4
