Avg of 3 Human Tox	Ctr10.GSM1551187.A687	Ctr11.GSM1551188.A689	Ctr12.GSM1551185.A685	Ctr13.GSM1551184.A684	Ctr14.GSM1551173.A671	Ctr15.GSM1551183.A683	Ctr16.GSM1551174.A672	AD1.GSM1551178.A677	AD2.GSM1551181.A681	AD3.GSM1551177.A676	AD4.GSM1551179.A678	AD5.GSM1551176.A675	AD6.GSM1551175.A673	ADvCtrl.Group1	ADvCtrl.Group2
1	0	0	0	0	0	0	0	0	0	0	0	0	0	0	0
2	0	0	0	0	0	0	0	0	0	0	0	0	0	0	0
3	0	0	0	0	0	0	0	0	0	0	0	0	0	0	0
4	0	0	0	0	0	0	0	0	0	0	0	0	0	0	0
5	0	0	0	0	0	0	0	0	0	0	0	0	0	0	0
6	0	0	0	0	0	0	0	0	0	0	0	0	0	0	0
7	0	0	0	0	0	0	0	0	0	0	0	0	0	0	0
8	0	0	0	0.987657897691152	1.07223651776857	0	0	9.991724886209	0	7.80699715131348	0.494341886354261	4.87692351959767	2.08405895490175	0.29427063077996	4.20900773306269
9	0.379225280674111	0	0.837938737740258	2.30453509461268	6.03838460006509	1.58704589657381	4.06450573832001	30.6303697331325	1.85386294984448	7.59013611933255	12.1113762156794	11.7046164470344	19.2775453328411	2.173090763998	13.8613177996441
10	0	0.298377156483601	0.558625825160172	0.987657897691152	1.52370452525007	0	2.54031608645	31.7769611135172	0	2.60233238377116	11.8642052725023	55.5969281234135	14.848920053675	0.844097355862141	19.4482244911465
11	0	0	0	0	0	0	0	0	0	0	0	0	0	0	0
12	0	0	0	0	0	0	0	0	0	0	0	0	0	0	0
13	0	0	0	0	0	0	0	0	0	0	0	0	0	0	0
14	0	0	0	0	0	0	0	0	0	0	0	0	0	0	0
15	1.51690112269644	2.98377156483601	0.279312912580086	7.90126318152922	10.7787986786209	7.40621418401109	3.04837930374001	25.3888091370884	8.15699697931571	49.8780373556139	6.92078640895965	17.5569246705516	76.5891665926392	4.84494870685911	30.7484535240281
16	0	0	0	0	0.112867001870376	0	0	11.9573101097255	0	0.65058309594279	0	15.1184629107528	0	0.0161238574100537	4.62105935273684
17	0.758450561348222	0.596754312967203	4.46900660128138	1.64609649615192	1.18510351963894	0.793522948286903	0.508063217290001	186.894395002696	0.370772589968896	2.1686103198093	1.73019660223991	34.6261569891435	2.60507369362718	1.42242823670923	38.0658675329142
18	2.27535168404466	1.7902629389016	5.02763242644156	7.90126318152922	4.79684757949097	8.46424478172697	4.57256895561	269.121376853138	2.59540812978228	31.0111275732729	14.5830856474509	152.647706163407	22.143126395831	4.97545307824928	82.0169717938135
19	0	0	0	0	0	0	0	0	0	0	0	0	0	0	0
20	0	0	0.279312912580086	0	3.2167095533057	0.264507649428968	1.01612643458	102.538029160112	1.11231776990669	27.7582120935591	7.4151282953139	236.530790700487	9.11775792769517	0.682379507127825	64.0787059911792
21	0.379225280674111	0.298377156483601	0.558625825160172	0.987657897691152	4.00677856639833	1.05803059771587	2.54031608645	31.1217660390116	1.48309035987558	22.9872693899786	0.988683772708521	25.3600023019079	5.99166949534252	1.40414448722475	14.6554135598041
22	0	2.38701725186881	16.7587747548052	4.27985088999499	2.3702070392779	6.34818358629523	3.04837930374	21.9490349959345	5.93236143950234	16.4814384305507	29.6605131812555	79.4938533694421	32.0424064316144	5.02748754656888	30.9266013080498
23	2.65457696471878	1.79026293890161	2.23450330064069	1.31687719692154	2.8216750467594	1.85155354600277	2.03225286916	15.8884805567586	10.3816325191291	7.37327508735162	8.65098301119956	21.4584634862298	9.8992800357833	2.10024312330068	12.2753524494086
24	0	0.298377156483601	0.837938737740258	0.329219299230384	0.395034506546314	0.264507649428968	0	3.76737167840667	0.741545179937792	5.20466476754232	4.69624792036547	2.43846175979884	2.8655810629899	0.303582478489932	3.28564539484016
25	51.195412891005	43.5630648466058	257.805818311419	351.60621157805	353.781617362693	99.4548761852919	88.9110630257501	8953.89588819226	78.6037890734059	822.770755335651	560.089357239378	16360.6153311941	398.055260386235	178.045437742974	4529.0050635702
26	0	0.298377156483601	0.279312912580086	0	0.50790150841669	0.264507649428968	0.508063217290001	12.4487064156047	0.370772589968896	0.21686103198093	4.9434188635426	15.6061552627126	2.08405895490174	0.265451777742764	5.94499551978523
27	0	0	0	0	0.338601005611127	0	0.508063217290001	3.93117044703305	0	3.25291547971395	3.21322226130269	0.487692351959767	1.04202947745087	0.120952031843018	1.98783833624339
28	0	0	0.837938737740258	0.329219299230384	0.112867001870376	0.264507649428968	1.01612643458	24.2422177567038	0.370772589968896	4.55408167159953	1.23585471588565	67.3015445704479	0.781522108088155	0.365808446121427	16.414332235449
29	3.79225280674111	4.77403450373761	25.976100869948	15.4733070638281	7.50565562437997	4.76113768972142	6.60482182477001	190.661766681103	3.70772589968897	32.5291547971395	62.2870776806368	432.583116188314	53.66451808872	9.84104434044659	129.2388932226
30	0	0	0	0	0	0	0	0	0	0	0	0	0	0	0
31	2.27535168404466	4.17728019077041	1.67587747548052	5.92594738614691	7.90069013092629	4.49663004029245	2.03225286916	84.356365842584	2.22463553981338	60.9379499866412	5.19058980671973	116.070779766425	9.37826529705785	4.06914711097446	46.3597643732069
32	7.96373089415632	1.19350862593441	13.4070198038442	16.7901842607496	13.0925722169636	15.0769360174512	17.78221260515	29.9751746586269	15.2016761887248	62.2391161785269	84.5324625665785	85.3461615929592	120.354404645575	12.1865949177499	66.2748326384986
33	0	0.298377156483601	0.558625825160172	0.329219299230384	2.93454204862977	0	0.508063217290001	140.866941018684	0.370772589968896	8.6744412792372	3.95473509083408	133.140012085016	4.42862527916621	0.661261078113418	48.5725878904845
34	1.13767584202233	0	0.837938737740258	0.329219299230384	2.82167504675938	0.529015298857936	1.52418965187	57.8209653251111	0.741545179937792	20.3849370062075	3.46039320447982	36.0892340450227	4.68913264852893	1.02567341092576	20.5310345682147
35	0.758450561348222	0.298377156483601	2.79312912580086	3.29219299230384	3.55531055891683	4.76113768972142	0.508063217290001	57.1657702506056	1.11231776990669	11.0599126310274	4.20190603401122	7.31538527939651	3.64710317107806	2.28095161455211	14.0837325226709
36	0	0	0	0.329219299230384	0.112867001870376	0.529015298857935	0	33.5787475684073	0	0.43372206396186	0.49434188635426	8.29076998331604	0.260507369362718	0.138728799994099	7.17634814523369
37	1.51690112269644	0.596754312967203	5.02763242644155	1.9753157953823	0.677202011222253	0.529015298857935	3.55644252103	38.0013143213195	1.48309035987559	6.28896992744697	9.88683772708521	38.5276958048216	9.89928003578329	1.98275192694253	17.3478646960554
38	0	0	0.558625825160172	0.987657897691152	1.07223651776857	0	1.52418965187	15.0694867136267	0	6.07210889546604	3.70756414765695	14.1430782068333	1.82355158553903	0.591815698927127	6.80263159152031
39	3.413027526067	0.895131469450804	10.8932035906234	10.8642368746027	5.47404959071322	3.70310709200554	1.52418965187	94.6756882660458	1.85386294984448	16.9151604945125	21.0095301700561	116.558472118384	16.672471639214	5.25242082790465	44.614197606343
40	1.13767584202233	0.596754312967203	34.6348011599307	2.63375439384307	3.32957655517608	11.1093212760166	8.12901147664001	59.1313554741221	1.11231776990669	28.6256562214828	7.16795735213678	236.530790700487	130.514192050722	8.795842145228	77.1803782614762
41	2.65457696471878	0	0.279312912580086	1.64609649615192	1.01580301683338	0.529015298857935	0	47.3378441330229	0.370772589968896	1.73488825584744	3.70756414765695	46.3307734361779	4.16811790980349	0.874972098448871	17.2749934120796
42	0.379225280674111	0.596754312967202	1.11725165032034	0.329219299230384	1.46727102431489	0.793522948286903	3.55644252103	23.0956263763192	0.370772589968896	9.75874643914185	24.9642652608901	32.6753875813045	24.4876927200955	1.17709814811769	19.2254151612867
43	0.379225280674111	0.895131469450804	1.95519038806061	5.26750878768614	0.395034506546315	0.264507649428968	2.54031608645	44.2256675291218	4.44927107962675	2.60233238377116	0.988683772708521	16.5815399666321	3.64710317107806	1.67098773832813	12.0824329838231
44	0.379225280674111	0	1.11725165032034	0.329219299230384	0.677202011222254	0.529015298857936	1.01612643458	16.3798768626377	0.741545179937792	5.20466476754232	5.93210263625113	18.0446170225114	3.12608843235262	0.578291424983575	8.23814915020549
45	0	0	0	0	0	0	0	0	0	0	0	0	0	0	0
46	7.58450561348221	3.58052587780321	22.0657200938269	14.1564298669066	15.1241782506304	10.3157983277297	12.70158043225	325.795750797863	7.41545179937791	51.1792035474995	43.9964278855292	204.830787823102	69.0344528811203	12.218391208947	117.04201245575
47	0	0	0	0	0	0	0	0	0	0	0	0	0	0	0
48	3.03380224539289	0.895131469450804	9.21732611514284	5.92594738614691	4.40181307294465	2.90958414371865	9.14513791122002	104.831211920881	5.56158884953344	38.1675416286438	6.42644452260538	91.6861621684363	16.6724716392139	5.07553462057383	43.8909034548857
49	0	0	0	0	0.507901508416691	0.264507649428968	1.01612643458	11.1383162665936	0	4.12035960763767	8.1566411248453	28.2861564136665	13.0253684681359	0.255505084632237	10.7878069801465
50	20.857390437076	13.7253491982456	288.530238695228	78.6834125160619	65.6885950885587	109.241659214164	29.97572982011	1389.66875302619	79.7161068433127	734.942037383372	568.740340250576	635.463134603577	422.542953106328	86.6717678527776	638.512220868892
51	0.758450561348222	1.49188578241801	0.558625825160172	3.62141229153422	8.7471926449541	2.64507649428968	4.06450573832001	219.981746265225	2.96618071975117	5.42152579952325	3.46039320447982	22.4338481901493	5.21014738725436	3.12673561971777	43.2456402610637
52	131.591172393916	53.7078881670483	397.741587514042	518.191176988624	102.596104700171	147.595268381364	188.99951683188	12719.3019813753	288.461074995801	2198.1034201587	813.933915882291	39190.9574034868	792.202910232026	220.060387853863	9333.82678435517
53	0.379225280674111	0	0	0.329219299230384	0	0	0	20.8024436155499	0	1.30116619188558	0.988683772708521	4.87692351959767	1.04202947745087	0.101206368557785	4.83520776286541
54	37.922528067411	77.8764378422199	80.4421188230649	29.9589562299651	43.3973622191594	33.0634561786209	100.59651702342	645.69474592518	112.714867350544	357.386980704573	245.193575631712	2886.65103124986	292.289268424971	57.608196626266	756.655078214474
55	0.379225280674111	0	1.11725165032034	0.329219299230384	0.902936014963005	0	2.03225286916	13.1039014901102	2.22463553981338	5.63838683150418	10.6283505566166	15.1184629107528	15.8909495311259	0.680126444906836	10.4341144766538
56	8.34295617483043	0.895131469450804	2.23450330064069	9.21814037845076	2.48307404114827	21.1606119543174	3.04837930374	140.047947175551	7.04467920940902	61.8053941145651	4.69624792036547	401.858498014849	10.9413095132341	6.76897094608261	104.399012657996
57	3.03380224539289	0.596754312967202	0.279312912580086	5.26750878768614	5.86908409725953	2.11606119543174	4.06450573832	140.866941018684	4.82004366959565	36.6495144047772	3.95473509083408	53.1584663636146	11.2018168825969	3.03243275566252	41.775252905017
58	9.48063201685277	7.75780606857363	43.5728143624934	69.1360528383806	34.537302572335	27.2442878911837	41.6611838177801	927.101030425294	21.134037628227	111.032848374236	44.7379407150607	814.933920124771	67.9924234036695	33.3414399382285	331.155366778544
59	5.68837921011166	5.07241166022122	13.4070198038441	9.54735967768113	13.2618727197691	4.49663004029245	13.71770686683	112.529754046321	12.2354954689736	81.9734700887915	60.556881078397	94.1246239282351	60.4377096921506	9.31305428267854	70.3096557171448
60	8.72218145550455	6.56429744263923	1.11725165032034	20.0823772530534	1.46727102431488	10.0512906783008	1.52418965187	102.374230391485	3.70772589968896	51.6129256114613	2.96605131812556	146.79539793989	4.16811790980349	7.07555130800045	51.9374081784092
61	1.51690112269644	0.298377156483601	5.86557116418182	6.25516668537729	9.02936014963004	1.5870458965738	6.60482182477001	92.2187067366502	2.22463553981337	30.3605444773302	33.3680773289126	160.938476146723	28.6558106298991	4.45103485710185	57.9610418098881
62	28.4418960505583	16.1123664501145	258.085131224	56.6257194676261	63.4876885520865	30.1538720349023	99.5803905888401	1150.19495329441	31.8864427373252	212.957533405273	585.053622500267	773.480070208192	634.595951767581	78.9267234811609	564.694762318844
63	13.652110104268	9.54806900747523	77.648989697264	38.1894387107247	58.9165749763361	18.7800431094566	14.22577008412	2885.15151058501	14.0893584188181	459.745387799572	217.757600939051	5202.70201070681	184.439217508804	32.9944279556635	1493.98084765968
64	0	0	0	0	0	0	0	0	0	0	0	0	0	0	0
65	0	0.298377156483601	1.11725165032034	0.987657897691152	0.564335009351878	1.05803059771587	0.508063217290001	15.5608830195058	0.370772589968896	5.20466476754232	2.96605131812556	10.2415393911551	2.34456632426446	0.647673646978978	6.11474623509369
66	29.9587971732548	11.0399547898932	98.3181452281902	67.4899563422288	43.6230962229002	39.4116397649161	49.28213207713	1270.42324946618	18.9094020884137	158.091692314099	179.940446632951	934.418546354913	234.196125057083	48.4462459426446	465.996576985606
67	0.379225280674111	0	1.67587747548051	1.31687719692154	0.225734003740752	1.05803059771587	0	29.6475771213742	0.370772589968896	1.73488825584744	2.71888037494843	20.9707711342699	4.42862527916621	0.665106364933255	9.97858579259586
68	468.343221632527	88.0212611626624	300.261381023592	356.873720365736	350.959942315932	215.573734284609	347.515240626361	1992.120624034	253.979224128694	941.82746189318	962.236481788568	1844.45247511184	586.402088435479	303.935500201632	1096.83639256529
69	49.2992864876343	8.65293753802443	267.861083164303	61.8932282553123	39.8984851611778	69.5655117998185	73.6691665070501	797.863801979083	81.1991972031882	158.308553346079	428.100073582789	1485.02321171749	382.685325593834	81.5485284161885	555.530027237078
70	6.82605505213399	4.17728019077042	2.2345033006407	5.26750878768614	2.87810854769458	9.25776773001387	3.04837930374	83.0459756935731	4.07849848965786	22.9872693899785	19.032162624639	134.115396788937	21.6221116571056	4.8128004160971	47.4802357739818
71	19.3404893143796	8.35456038154084	6.14488407676188	93.4982809814291	143.397525876312	177.749140416267	29.9757298201101	722.843965948202	61.5482499348368	570.344514109847	919.723079562102	448.189271451026	406.652003575203	68.3515158381143	521.550180763537
72	1.51690112269644	0.596754312967203	1.67587747548052	0.987657897691152	9.98872966552823	3.43859944257659	4.06450573832	153.151848665663	0.370772589968896	17.7826046224362	17.5491369655763	143.381551476171	20.319574810292	3.18128937932287	58.7592481883512
73	4.17147808741521	2.98377156483601	17.3174005799653	13.8272105676762	3.6681775607872	4.23212239086348	5.08063217290001	121.866283858025	2.59540812978227	17.1320215264935	8.89815395437669	53.6461587155744	24.2271853507328	7.32582756063476	38.060868589164
74	4.17147808741522	5.96754312967203	8.65870028998267	3.9506315907646	20.3724938376027	17.7220125117409	19.30640225702	82.7183781563204	16.3139939586314	52.2635087074041	68.4663512600651	151.672321459488	157.606958464445	11.4498945291711	88.1735853343922
75	1.13767584202233	2.98377156483601	1.9551903880606	1.31687719692154	2.31377353834271	0.529015298857936	1.01612643458	29.1561808154952	1.48309035987559	40.5530129804339	6.67361546578251	21.4584634862298	9.37826529705787	1.60749003766016	18.1171047341457
76	2.27535168404466	4.17728019077041	8.65870028998267	7.57204388229881	26.3544449367329	14.0189054197353	14.73383330141	144.798111465715	16.6847665486004	128.164869900731	37.0756414765696	135.090781492855	28.3953032605363	11.1129371007107	81.7015790241682
77	1.13767584202233	2.08864009538521	6.70350990192206	0	4.23251257013908	2.90958414371865	1.52418965187	81.8993843131885	5.56158884953344	10.4093295350846	9.39249584073095	84.8584692409995	8.07572845024426	2.65658745786533	33.366166038297
78	2.65457696471877	4.47565734725401	10.8932035906234	8.23048248075961	12.2460697029358	7.93522948286903	11.17739078038	84.8477621484634	8.52776956928462	63.9740044343744	32.8737354425584	121.923087989942	51.3199517644556	8.23037290707722	60.5777185581796
79	2.65457696471877	0.298377156483601	16.200148929645	11.8518947722938	26.1851444339271	6.34818358629523	5.58869539019001	1159.53148310612	3.33695330972007	261.751265600984	21.7510429995874	796.88930310226	36.9920464495061	9.87528874765051	380.042015761363
80	14.0313353849421	3.58052587780322	15.0828972793246	28.9712983322738	15.9706807646582	9.25776773001388	10.66932756309	427.350987346217	6.67390661944013	61.1548110186222	28.6718294085472	391.129266271734	32.8239285397024	13.9376904188723	157.967454867377
81	4.17147808741521	3.58052587780321	2.51381621322078	6.2551666853773	14.6727102431488	5.29015298857936	5.58869539019	82.554579387694	2.96618071975117	49.0105932276901	29.1661712949014	48.7692351959768	26.0507369362718	6.01036364081923	39.7529161270476
82	2.65457696471877	1.49188578241801	15.0828972793246	1.9753157953823	6.71558661128736	2.38056884486071	5.0806321729	163.798768626376	6.67390661944014	90.4310503360478	36.3341286470382	396.00618979133	57.3116212597981	5.05449477869882	125.092610880006
83	48.5408359262861	130.689194539816	89.1008191130475	97.7781318714243	184.311814054325	153.149929019373	56.3950171191901	2443.38623159968	330.729150252256	4775.49678525207	114.192975747833	1727.40631064151	540.031776688914	108.566534520494	1655.20720503037
84	2.65457696471878	1.79026293890161	1.9551903880606	2.96297369307345	40.2935196677241	8.9932600805849	18.29027582244	252.413902453247	0.370772589968896	1394.41643563736	132.483625542941	191.663094320188	188.086320679883	10.9914370793576	359.9056918706
85	0	0	0.279312912580086	0	0	0	0	4.91396305879131	0	1.30116619188558	0.24717094317713	4.87692351959767	0.260507369362718	0.039901844654298	1.9332885138024
86	22.7535168404466	24.7653039881389	151.666911530987	94.8151581783506	68.0023686269011	90.4616161047069	17.27414938786	1243.2326538742	40.7849848965786	251.125075033918	58.0851716466255	661.310829257443	208.926910228899	67.1055749510559	410.577604156277
87	6.82605505213399	3.28214872131961	92.4525740640084	26.9959825368915	13.4311732225747	14.2834130691643	44.20149990423	300.570740429402	11.1231776990669	155.489359930327	141.381779497319	625.221595212421	157.346451095082	28.7818352243318	231.855517310604
88	4.92992864876344	5.96754312967203	10.6138906780433	6.25516668537729	17.4379517889731	14.5479207185932	15.2418965187	493.361891102646	9.2693147492224	47.4925660038237	20.2680173405247	76.5676992576834	19.2775453328411	10.7134711668747	111.039505631123
89	325.375290818387	187.977608584668	319.813284904199	192.922509349005	288.71379078442	289.900383774148	153.94315483887	1880.73746136806	242.114501249689	429.384843322242	3610.92030887469	1343.59242964916	360.542199198003	251.235146150528	1311.2152906103
90	1.51690112269644	5.37078881670482	3.35175495096103	4.93828948845576	37.2461106172239	10.0512906783008	18.29027582244	145.617105308849	3.33695330972006	61.1548110186223	109.991069713823	20.97077113427	95.3456971867548	11.5379159281118	72.7360679453398
91	5.68837921011166	14.0237263547293	22.903658831567	8.55970177998998	64.9549595764011	35.7085326729106	98.5642641542602	2027.17356052004	43.0096204363919	293.846698334161	10.8755214997937	201.416941359384	125.56455203283	35.7718889399957	450.314482363767
92	4.55070336808933	2.68539440835242	1.39656456290043	0.658438598460768	3.16027605237052	0.793522948286904	4.06450573832	83.8649695367051	3.70772589968896	1.95174928782837	16.3132822496905	17.0692323185919	34.1264653865162	2.47277223954005	26.1722374465035
93	12.8936595429198	9.54806900747524	9.21732611514284	20.7408158515142	20.7675283441491	33.063456178621	20.3225286916	73.3818483446169	62.2897951147745	63.1065603064507	95.4079840663723	138.504627956575	118.270345690673	18.0790548187745	91.826860246577
94	0	0	0	0	0.846502514027816	0.529015298857936	0.508063217290001	8.84513350582435	0.370772589968896	1.95174928782837	1.48302565906278	4.87692351959767	2.08405895490175	0.269083004310822	3.2686105861973
95	2.27535168404466	19.6928923279177	9.775951940303	137.613667078301	6.60271960941696	16.9284895634539	4.06450573832	1146.26378284739	25.9540812978227	72.4315846816306	72.4210863508993	636.438519307496	80.4967771330799	28.136225420251	339.000971936388
96	0	0	0	0.658438598460768	0	0.264507649428968	0	15.2332854822531	0.370772589968896	0.21686103198093	0	11.2169240950746	0.260507369362718	0.131849463984248	4.54972509477338
97	1.89612640337055	0.298377156483601	0	0	7.11062111783365	0.529015298857936	2.03225286916	91.235914124892	1.11231776990669	156.356804058251	5.19058980671973	61.9369286988905	18.7565305941157	1.69519897795796	55.7648475087959
98	0	0	7.54144863966232	0	1.8623055308612	0.529015298857936	3.04837930374	28.0095894351104	1.11231776990669	6.72269199140883	36.5812995902153	34.1384646371837	43.2442233142113	1.85444982473164	24.9680977896727
99	0	0	0.558625825160172	0.329219299230384	0.169300502805563	0	0	0.655195074505508	1.48309035987558	1.51802722386651	2.4717094317713	0.487692351959767	7.03369897279339	0.15102080388516	2.27490223579534
100	0	0	0	0	0	0	0	0	0	0	0	0	0	0	0
101	0	0	0	0	0	0	0	0.327597537252754	0	0.43372206396186	1.23585471588565	0	1.04202947745087	0	0.506533965758522
102	0.379225280674111	0	0.558625825160172	0	0.225734003740751	0	0	0.327597537252754	1.48309035987558	1.30116619188558	1.48302565906278	1.4630770558793	0.521014738725436	0.166226444225005	1.09649525711357
103	0.379225280674111	0.596754312967203	0.279312912580086	1.64609649615192	0.282167504675939	0.793522948286903	0	10.3193224234618	0.370772589968896	0.65058309594279	0.741512829531391	8.29076998331604	1.04202947745087	0.568154207905166	3.56916506661197
104	0	0	0	0	0	0	0	0	0	0	0	0	0	0	0
105	0	0.298377156483601	0	0.329219299230384	0.902936014963004	0	0	2.62078029802203	1.85386294984448	0	18.2906497951076	0	1.30253684681359	0.218647495810998	4.01130498163128
106	0	0	0	0	0	0	0	0	0	0	0	0	0	0	0
107	0	0	0	0	0	0	0	0	0	0	0	0	0	0	0
108	0	0	0	0	0	0	0	0	0	0	0	0	0	0	0
109	1.89612640337055	4.17728019077042	4.18969368870129	5.26750878768615	11.6817346935839	3.96761474143451	4.06450573832001	102.538029160112	1.85386294984448	58.986200698813	6.17927357942826	40.9661575646205	2.08405895490175	5.03492346340955	35.4345971512867
110	10.239082578201	22.3782867362701	17.8760264051255	11.5226754730634	33.5214995555016	26.4507649428968	50.8063217290001	1370.01290079102	15.9432213686625	205.584258317921	0	51.6953893077353	53.4040107193572	24.6849510600083	282.773296750783
111	0	0	0	0	0	0	0	0	0	0	0	0	0	0	0
112	0	0	0	0	0	0	0	0	0	0	0	0	0	0	0
113	0	0	0	0	0	0	0	0	0	0	0	0	0	0	0
114	0	0	0	0	0	0	0	0	0	0	0	0	0	0	0
115	0	0	0	0	0	0	0	0	0	0	0	0	0	0	0
116	0	0	0	0	0	0	0	0	0	0	0	0	0	0	0
117	0	0	0	0	0	0	0	0	0	0	0	0	0	0	0
118	0	0	0	0	0	0	0	0	0	0	0	0	0	0	0
119	0	0	0	0	0	0	0	0	0	0	0	0	0	0	0
120	0	0	0	0	0	0	0	0	0	0	0	0	0	0	0
