14.7
14.7
18.4
22
22.9
24.6
24.6
24.6
24.6
24.6
24.6
24.6
24.6
24.6
24.6
24.6
24.6
24.6
24.6
24.6
24.6
24.6
24.6
24.6
24.6
24.6
24.6
24.6
24.6
24.6
24.6
29
29.3
29.3
31.3
31.3
31.6
39.3
46.1
46.1
47.8
49.6
49.6
49.6
49.6
49.6
49.6
50.1
50.1
50.2
50.7
52.1
52.1
52.1
52.1
52.1
52.1
52.1
52.1
52.1
52.1
52.1
52.1
52.1
52.1
52.1
52.1
52.1
52.1
52.1
52.1
52.1
52.1
52.1
52.5
52.5
52.5
52.5
52.5
52.5
52.5
52.5
52.5
54.2
54.2
54.2
54.2
54.2
54.2
54.2
54.2
54.2
54.2
54.2
54.2
54.2
54.2
54.2
54.2
54.2
54.2
54.2
54.2
54.2
54.2
54.2
54.2
54.2
54.2
54.2
54.2
54.2
54.2
54.2
54.2
54.2
54.2
54.2
54.2
54.2
54.2
54.2
54.2
54.2
54.2
54.2
54.2
54.2
54.4
57.5
57.5
58.3
58.3
58.3
59
59
59.5
59.5
59.5
59.5
62
62.2
62.2
62.2
62.5
62.5
62.5
62.5
62.5
62.6
62.9
62.9
62.9
62.9
63.1
65.8
66.2
66.2
66.3
66.3
66.3
67.7
67.7
67.7
67.7
67.7
67.7
67.7
67.7
67.7
67.7
67.7
67.7
67.7
67.7
67.7
67.7
67.7
67.7
67.7
67.7
67.7
67.7
67.7
67.7
67.7
67.7
67.7
67.7
67.7
67.7
67.7
67.7
67.7
67.7
67.7
67.7
67.7
67.7
67.7
67.7
67.7
67.7
67.7
67.7
67.7
67.7
67.7
67.7
67.7
67.7
67.7
69.2
69.2
69.2
69.2
69.2
69.8
69.8
71.2
71.2
71.2
71.2
71.2
72.9
72.9
73.7
73.9
73.9
75.2
75.2
75.9
75.9
76.9
78.2
78.2
78.3
80
80.3
80.6
80.8
82.8
82.8
83
83
83
83
83
83
83
83
83
83
83
83
83
83
83
83
83
83
83
83
83
83
83
83
83
83
83
83
83
83
83
83
83
83
83
83
83
83
83
83
83
83
83
83
83
83
83
83
83
83
83
83
83
83
83
83
83
83
83
83
83
83
83
83
83
83
83
83
83
83
83
83
83
83
83.1
84.1
86
86
86
86
86
86
86
86
86
86
86
86
86
86
87.3
87.4
88.5
88.5
88.5
89
89
89
89
89
89
89
89
89
89
89
89
89
89
89
89
89
89
89
89
89
89
89
89
89
89
89
89
89
89
89
89
89
89
89
89
89
89
89
89
89
89
89
89
89
89
89
89
89
89
89
89
89
89
89
89
89
89
89
89
89
89
89
89
89
89
89
89
89
89
89
89
89
89
89
89
89
89
89
89
89
89
89
89
89
89
89
89
89
89
89
89
89
89
89
89
89
89
89
89
89
89
89
89
89
89
89
89
89
89.3
89.4
89.7
89.7
89.7
91.3
91.3
91.3
91.3
91.3
91.3
91.3
91.3
91.5
91.6
92.8
92.8
92.9
92.9
93
93
94.6
94.6
94.6
94.6
94.6
94.6
94.6
94.6
94.6
94.6
94.6
94.6
108.8
108.8
110.4
110.4
110.4
110.4
110.4
110.4
110.4
110.4
110.4
110.4
110.4
110.4
110.4
