14.7
14.7
21.3
24.6
24.6
24.6
24.6
24.6
24.6
24.6
24.6
24.6
24.6
24.6
24.6
24.6
24.6
24.6
24.6
24.6
24.6
24.6
24.6
24.6
24.6
24.6
24.6
24.6
29.3
31.3
31.6
31.6
40.3
46.1
46.5
47.8
49.6
49.6
49.6
49.6
49.6
49.6
49.6
49.6
49.6
49.6
49.6
49.6
49.6
49.6
49.6
49.6
49.6
49.6
49.6
49.6
49.6
49.6
52.1
52.1
52.1
52.1
52.1
52.1
52.1
52.1
52.1
52.1
52.1
52.1
52.1
52.1
52.1
52.1
52.1
52.1
52.1
52.1
52.1
52.1
52.1
52.1
52.1
52.1
52.1
52.1
52.1
52.1
52.1
52.1
52.1
52.1
52.1
52.1
52.1
52.1
52.1
52.1
52.1
52.1
52.1
52.1
52.1
52.1
52.1
52.1
52.1
52.1
52.1
52.1
52.1
52.1
52.1
52.1
52.1
52.1
52.1
52.1
52.1
52.1
52.1
52.1
52.5
52.5
52.5
53.5
54.2
54.2
54.2
54.2
54.4
54.4
54.4
54.4
54.5
54.5
56.3
56.3
57.1
57.5
58.3
58.3
58.3
59.2
59.4
59.5
59.5
62
62.2
62.5
62.5
62.5
62.5
62.6
62.6
62.6
62.9
62.9
62.9
62.9
62.9
62.9
62.9
62.9
62.9
62.9
62.9
63.1
66.2
66.2
66.3
66.3
67.7
67.7
67.7
67.7
67.7
67.7
67.7
67.7
67.7
67.7
67.7
67.7
67.7
67.7
67.7
67.7
67.7
67.7
67.7
67.7
67.7
67.7
67.7
67.7
67.7
67.7
67.7
67.7
69.2
69.2
69.2
69.2
69.2
69.8
71.2
71.2
71.2
71.2
71.2
71.2
71.2
71.2
71.2
71.2
71.2
71.2
71.2
71.2
71.2
71.2
71.2
73.9
74.8
75.9
75.9
75.9
78.2
79.1
79.1
79.1
79.1
79.4
79.4
79.4
79.4
80
80.3
80.6
82.5
82.5
82.7
82.8
83
83
83
83
83
83
83
83
83
83
83
83
83
83
83
83
83
83
83
83
83
83
83
83
83
83
83
83
83
83
83
83
83
83
83
83
83
83
83
83
83
83
83
83
83
83
83
83
83
83
83
83
83
83
83
83
83
83
83
83
83
83
83
83
83
83
83
83
83
83
83
83
83
83
83
83
83
83
83
83
83
83
83
83
83
83
83
83
83
83
83
83
83
83
83
83
83
83
83
83
83
83
83
83
83
83
83
83
83
83
83
83
83
83
83
83
83
83
83
83
83
83
83
83
83
83
83
83
83
83
83
83
83
83
83
83
83
83
83
83
83
83
83.3
83.7
84.1
84.1
84.1
84.5
84.5
84.5
84.5
84.5
84.5
84.5
84.5
84.5
84.5
84.5
84.5
84.5
84.5
84.5
84.5
84.5
84.5
84.5
84.5
84.5
84.5
84.5
84.5
84.5
84.5
84.5
84.5
84.5
84.5
84.5
84.5
84.5
84.5
84.5
84.5
84.5
84.5
84.5
85.8
85.8
86
86
86
86
86
86
87.3
87.4
87.4
87.4
87.4
88.5
88.7
89
89
89
89
89
89.3
89.3
89.3
89.3
89.3
89.3
89.4
89.7
89.7
91.3
91.3
91.3
91.3
91.3
91.3
91.3
91.3
91.3
92.8
93
94.6
94.6
96.9
96.9
96.9
96.9
96.9
108.8
108.8
110.4
110.4
110.4
110.4
110.4
110.4
