14.7
14.7
17.6
18.5
22
24.6
24.6
24.6
24.6
24.6
24.6
24.6
24.6
24.6
24.6
24.6
24.6
24.6
24.6
24.6
24.6
24.6
24.6
24.6
24.6
24.6
24.6
24.6
24.6
24.6
24.6
24.6
24.6
24.6
24.6
24.6
24.6
24.6
24.6
24.6
24.6
24.6
24.6
24.6
24.6
24.6
24.6
24.6
24.6
24.6
24.6
24.6
24.6
24.6
24.6
24.6
24.6
24.6
24.6
24.6
24.6
24.6
24.6
24.6
24.6
24.6
24.6
24.6
24.6
24.6
24.6
24.6
24.6
29.3
29.3
29.3
30.6
31.6
31.6
31.6
34.6
39.3
39.3
40.3
42.6
46.1
46.1
47.8
49.6
49.6
49.6
49.6
49.6
49.6
49.6
49.6
49.6
49.6
49.6
50.1
50.2
50.2
50.2
50.7
52.1
52.1
52.1
52.1
52.1
52.1
52.1
52.1
52.1
52.1
52.1
52.1
52.1
52.1
52.1
52.1
52.1
52.1
52.1
52.1
52.1
52.1
52.1
52.1
52.1
52.1
52.1
52.1
52.1
52.1
52.1
52.1
52.1
52.1
52.1
52.1
52.1
52.1
52.1
52.1
52.1
52.1
52.1
52.1
52.1
52.1
52.1
52.1
52.1
52.1
52.1
52.1
52.1
52.1
52.1
52.1
52.1
52.1
52.1
52.1
52.1
52.1
52.1
52.1
52.1
52.1
52.1
52.1
52.1
52.1
52.1
52.1
52.1
52.1
52.1
52.1
52.1
52.1
52.1
52.1
52.1
52.5
52.5
52.5
52.5
52.5
52.5
52.5
52.5
52.5
52.5
52.5
52.5
52.5
52.5
52.5
52.5
52.5
52.5
53.5
54.2
54.2
54.2
54.2
56.3
56.3
57.1
57.5
57.5
57.5
58.3
58.3
58.3
58.3
58.3
58.3
58.3
58.3
58.3
58.3
58.3
59
59.5
59.5
59.5
59.5
60.8
61.4
62.2
62.5
62.5
62.5
62.5
62.5
62.5
62.5
62.5
62.5
62.5
62.6
62.9
62.9
62.9
62.9
62.9
62.9
65.6
66.2
66.2
66.2
66.2
66.2
66.2
66.2
66.2
66.2
66.2
66.2
66.3
67.7
67.7
67.7
67.7
67.7
67.7
67.7
67.7
67.7
67.7
67.7
67.7
67.7
67.7
67.7
67.7
67.7
67.7
67.7
67.7
67.7
67.7
67.7
67.7
67.7
67.7
67.7
67.7
67.7
67.7
67.7
67.7
67.7
67.7
67.7
67.7
67.7
67.7
67.7
67.7
67.7
67.7
67.7
67.7
67.7
67.7
67.7
67.7
67.7
67.7
67.7
67.7
67.7
67.7
67.7
67.7
67.7
67.7
67.7
67.7
67.7
67.7
67.7
67.7
67.7
67.7
67.7
67.7
67.7
69.2
69.2
69.2
69.2
69.2
69.2
69.2
69.2
69.2
69.2
69.2
69.8
71.2
71.2
71.2
71.2
71.2
71.2
71.2
71.2
71.2
71.2
71.2
71.2
71.2
71.2
71.2
71.2
71.2
71.2
72.9
72.9
72.9
73.9
75.9
78.2
79.1
79.4
80.3
80.3
80.3
80.3
80.3
80.6
82.6
82.8
83
83
83
83
83
83
83
83
83
83
83
83
83
83
83
83
83.1
86
86
86
86
86
86
86
86
86
86
86
86
86
86
86
86
86
86
86.5
87.3
87.3
87.3
87.3
87.4
88.5
89
89
89
89
89
89
89
89
89
89
89
89
89
89
89
89
89
89
89
89
89
89
89
89
89
89
89
89
89
89
89
89
89
89
89
89.4
89.7
91.3
91.3
92.8
92.8
92.8
93
94.6
94.6
94.6
94.6
94.6
94.6
94.6
94.6
94.6
94.6
94.6
94.6
94.6
94.6
94.6
94.6
94.6
94.6
94.6
94.6
94.6
94.6
94.6
94.6
94.6
94.6
108.8
110.4
110.4
