9.2
10.1
14.7
18.4
18.5
22
24.6
24.6
24.6
24.6
24.6
24.6
24.6
24.6
24.6
24.6
24.6
24.6
24.6
24.6
24.6
24.6
24.6
24.6
24.6
24.6
24.6
24.6
24.6
24.6
24.6
29.3
29.3
31.6
31.6
31.6
31.6
31.6
36.6
40.3
40.3
41.8
42.6
46.1
46.1
46.1
47.8
47.8
49.6
49.6
49.6
49.6
49.6
50.1
50.1
50.2
50.7
52.1
52.1
52.1
52.1
52.1
52.1
52.1
52.1
52.1
52.1
52.1
52.1
52.1
52.1
52.1
52.1
52.1
52.1
52.1
52.1
52.1
52.1
52.1
52.1
52.1
52.1
52.1
52.1
52.1
52.1
52.1
52.1
52.1
52.1
52.1
52.1
52.1
52.1
52.1
52.1
52.1
52.1
52.1
52.1
52.1
52.1
52.1
52.1
52.1
52.1
52.1
52.5
52.5
53.5
54.2
54.2
54.2
54.2
54.2
54.2
54.2
54.2
54.2
54.2
54.2
54.2
54.2
54.2
54.2
54.2
54.2
54.2
54.2
54.4
54.4
54.4
54.4
54.4
54.4
54.5
57.1
57.5
57.5
58.3
58.3
58.3
58.3
58.3
58.3
58.3
58.3
58.3
58.9
58.9
59
59.2
61.2
62.2
62.2
62.5
62.5
62.5
62.5
62.5
62.5
62.5
62.5
62.5
62.5
62.5
62.5
62.5
62.5
62.5
62.5
62.5
62.5
62.5
62.5
62.5
62.5
62.5
62.5
62.5
62.9
62.9
63.1
65.8
66.2
66.2
66.2
66.2
66.2
66.2
66.2
66.2
66.2
66.3
66.3
66.3
66.3
67.7
67.7
67.7
67.7
67.7
67.7
67.7
67.7
67.7
67.7
67.7
67.7
67.7
67.7
67.7
67.7
67.7
67.7
67.7
67.7
67.7
67.7
67.7
67.7
67.7
67.7
67.7
67.7
67.7
67.7
67.7
67.7
67.7
67.7
67.7
67.7
67.7
67.7
67.7
67.7
67.7
67.7
67.7
67.7
67.7
67.7
67.7
67.7
67.7
67.7
67.7
67.7
67.7
67.7
67.7
67.7
67.7
67.7
67.7
67.7
67.7
67.7
67.7
67.7
67.7
67.7
67.7
67.7
67.7
67.7
67.7
67.7
67.7
67.7
67.7
67.7
67.7
67.7
67.7
67.7
67.7
67.7
67.7
67.7
67.7
67.7
67.7
67.7
67.7
67.7
67.7
67.7
67.7
67.7
67.7
67.7
67.7
69.2
69.2
69.2
69.2
69.2
69.2
69.2
69.2
69.2
69.2
69.2
69.2
69.2
69.2
69.2
69.2
69.2
69.2
69.2
69.2
71.2
71.2
71.2
71.2
71.2
71.2
71.2
71.2
71.9
72.9
73.7
73.9
73.9
73.9
73.9
75.9
75.9
75.9
76.4
78.2
78.3
79.1
79.4
80.3
80.3
80.3
80.8
82.8
83
83
83
83
83
83
83
83
83
83
83
83
83
83.1
83.7
83.7
84.1
84.5
84.5
86
86
86
86
86.5
87.3
87.3
87.3
87.3
87.3
87.4
87.4
87.4
87.4
87.4
87.4
87.4
88.5
88.5
88.5
88.5
88.7
89
89
89
89
89
89
89
89
89
89
89
89
89
89
89
89
89
89
89
89
89
89
89
89
89
89
89
89
89
89
89
89
89
89
89
89
89
89
89
89.3
89.4
89.4
89.4
89.7
89.7
89.7
89.7
89.7
91.3
91.3
91.3
91.3
91.3
91.3
91.3
91.3
91.3
91.3
91.3
91.3
91.3
91.3
91.3
91.3
91.3
91.3
91.3
91.3
91.3
91.3
91.3
91.3
91.3
91.3
91.3
91.6
92.8
92.8
92.9
93
93
93
97.9
108.8
110.4
110.4
110.4
110.4
110.4
110.4
110.4
110.4
110.4
110.4
110.4
110.4
110.4
110.4
