19.5
24.6
24.6
24.6
24.6
24.6
24.6
24.6
24.6
24.6
24.6
24.6
24.6
24.6
24.6
24.6
24.6
24.6
24.6
24.6
24.6
24.6
24.6
24.6
24.6
24.6
24.6
24.6
24.6
24.6
24.6
24.6
24.6
24.6
24.6
24.6
24.6
24.6
24.6
24.6
24.6
24.6
24.6
24.6
24.6
24.6
24.6
24.6
24.6
24.6
24.6
24.6
24.6
24.6
24.6
24.6
24.6
24.6
24.6
24.6
24.6
24.6
24.6
24.6
24.6
24.6
24.6
24.6
24.6
24.6
24.6
24.6
24.6
24.6
24.6
24.6
24.6
24.6
24.6
24.6
24.6
24.6
24.6
24.6
24.6
24.6
24.6
24.6
24.6
24.6
24.6
24.6
24.6
24.6
24.6
24.6
24.6
24.6
24.6
24.6
29.3
29.3
29.3
31.6
33.4
39.3
40.3
46.1
49.6
49.6
49.6
50.2
52.1
52.1
52.1
52.1
52.1
52.1
52.1
52.1
52.1
52.1
52.1
52.1
52.1
52.1
52.1
52.1
52.1
52.1
52.1
52.1
52.1
52.1
52.1
52.1
52.1
52.1
52.1
52.1
52.1
52.1
52.1
52.1
52.1
52.1
52.1
52.1
52.1
52.1
52.1
52.1
52.1
52.1
52.1
52.1
52.1
52.1
52.1
52.1
52.1
52.1
52.1
52.1
52.1
52.1
52.1
52.1
52.1
52.1
52.1
52.1
52.1
52.1
52.1
52.1
52.1
52.1
52.1
52.1
52.1
52.1
52.1
52.1
52.1
52.1
52.1
52.1
52.1
52.1
52.1
52.1
52.1
52.1
52.1
52.1
52.1
52.1
52.1
52.1
52.1
52.1
52.1
52.1
52.1
52.1
52.1
52.1
52.1
52.1
52.1
52.1
52.1
52.1
52.1
52.1
52.1
52.1
52.1
52.1
52.1
52.1
52.1
52.1
52.1
52.1
52.1
52.1
52.1
52.1
52.1
52.1
52.1
52.1
52.1
52.1
52.1
52.1
52.1
52.1
52.1
52.1
52.1
52.1
52.1
52.1
52.1
52.1
52.1
52.1
52.1
52.1
52.1
52.1
52.1
52.1
52.1
52.1
52.1
52.1
52.1
52.1
52.1
52.1
52.1
52.1
52.1
52.1
52.1
52.1
52.1
52.1
52.1
52.1
52.1
52.1
52.1
52.1
52.1
52.1
52.1
52.1
52.1
52.1
52.1
52.1
52.1
52.1
52.1
52.1
52.1
52.1
52.1
52.1
52.1
52.1
52.1
52.1
52.1
52.1
52.1
52.1
52.1
52.1
52.1
52.1
52.1
52.1
52.1
52.1
52.1
52.1
52.1
52.1
52.1
52.1
52.1
52.1
52.1
52.1
52.1
52.1
52.1
52.1
52.1
52.1
52.1
52.1
52.1
52.1
52.1
52.1
52.1
52.1
52.1
52.1
52.1
52.1
52.1
52.1
52.1
52.1
52.1
52.1
52.1
52.1
52.1
52.5
52.5
52.5
53.5
53.5
53.5
53.5
53.5
53.5
53.5
53.5
53.5
54.2
54.4
54.4
54.5
54.5
54.5
54.5
54.5
54.5
56.3
56.3
57.5
57.5
57.5
57.5
58.3
59.5
60.8
61.7
62.2
62.2
62.5
62.5
62.6
62.6
62.9
62.9
62.9
62.9
62.9
62.9
62.9
62.9
62.9
62.9
62.9
62.9
62.9
62.9
62.9
62.9
62.9
62.9
62.9
62.9
62.9
62.9
62.9
62.9
62.9
62.9
62.9
62.9
62.9
62.9
65.6
65.6
66.2
66.2
66.2
67.7
67.7
67.7
67.7
67.7
67.7
67.7
67.7
67.7
67.7
67.7
69.2
69.2
69.2
69.2
69.2
69.2
69.2
69.2
69.2
69.8
71.2
71.2
71.2
71.9
73.9
75.9
78.2
79.1
79.1
79.1
79.1
79.4
80.3
80.3
82.5
82.5
82.8
83
83
83
83
83
83
83
83
83.1
83.1
83.7
86
86
86
86.5
87.3
87.3
87.3
87.3
89
89
89
89
89
89.3
89.3
89.3
91.3
94.6
94.6
94.6
94.6
