14.7
22.9
24.6
24.6
24.6
24.6
24.6
24.6
24.6
24.6
24.6
24.6
24.6
24.6
24.6
24.6
24.6
24.6
24.6
24.6
29.3
30.6
31.6
31.6
31.6
36.6
39.3
40.7
46.1
46.1
47.8
49.6
49.6
49.6
49.6
50.1
50.1
50.2
52.1
52.1
52.1
52.1
52.1
52.1
52.1
52.1
52.1
52.1
52.1
52.1
52.1
52.1
52.1
52.1
52.1
52.1
52.1
52.1
52.1
52.1
52.1
52.1
52.1
52.1
52.1
52.1
52.1
52.1
52.1
52.1
52.5
52.5
52.5
52.5
52.5
52.5
52.5
52.5
52.5
52.5
52.5
52.5
52.5
54.2
54.2
54.2
54.2
54.2
54.2
54.2
54.2
54.2
54.2
54.2
54.2
54.2
54.4
56.3
56.3
56.6
57.5
58.3
58.3
58.3
59
59
59.5
59.5
59.5
62.2
62.2
62.5
62.5
62.5
62.5
62.5
62.5
62.5
62.5
62.6
62.6
62.6
62.9
63.1
65.8
66.2
66.2
66.2
66.2
66.2
66.2
66.2
66.2
66.2
66.3
67.7
67.7
67.7
67.7
67.7
67.7
67.7
67.7
67.7
67.7
67.7
67.7
67.7
67.7
67.7
67.7
67.7
67.7
67.7
67.7
67.7
67.7
67.7
67.7
67.7
67.7
67.7
67.7
67.7
67.7
67.7
67.7
67.7
67.7
67.7
67.7
67.7
67.7
67.7
67.7
67.7
67.7
67.7
67.7
67.7
67.7
67.7
67.7
67.7
67.7
67.7
67.7
67.7
67.7
67.7
67.7
67.7
67.7
67.7
67.7
67.7
67.7
67.7
67.7
67.7
67.7
67.7
67.7
67.7
67.7
67.7
67.7
67.7
67.7
67.7
67.7
67.7
67.7
67.7
67.7
67.7
67.7
67.7
67.7
67.7
67.7
67.7
67.7
67.7
67.7
67.7
67.7
67.7
67.7
67.7
67.7
67.7
67.7
67.7
67.7
67.7
67.7
67.7
67.7
67.7
67.7
67.7
67.7
67.7
67.7
67.7
67.7
67.7
67.7
67.7
67.7
67.7
67.7
67.7
67.7
67.7
67.7
67.7
67.7
67.7
67.7
67.7
67.7
67.7
67.7
67.7
67.7
67.7
67.7
67.7
67.7
67.7
67.7
67.7
67.7
67.7
67.7
67.7
67.7
67.7
67.7
67.7
67.7
67.7
67.7
67.7
67.7
67.7
67.7
67.7
67.7
67.7
67.7
67.7
67.7
67.7
67.7
67.7
69.2
69.2
69.2
69.2
69.2
69.2
69.2
69.2
69.2
69.2
69.2
69.2
69.2
69.2
69.2
69.2
69.2
69.4
69.8
69.8
71.2
71.2
71.2
71.2
71.2
71.2
71.2
71.9
72.9
73.9
78.2
79.1
80.3
80.3
80.3
80.3
80.6
82.5
82.8
83
83
83
83
83
83
83
83
83
83
83
83
83
83
83
84.1
86
86
86
86
86
86
86
86
87.3
87.3
88.5
89
89
89
89
89
89
89
89
89
89
89
89
89
89
89
89
89
89
89
89
89
89
89
89
89
89
89
89
89
89
89
89
89
89
89
89
89
89
89
89
89
89
89
89
89
89
89
89
89
89
89
89
89
89
89
89
89
89
89
89
89
89
89
89
89
89
89
89
89
89
89
89
89
89
89
89
89
89
89
89
89
89
89
89
89
89
89
89
89
89
89
89
89
89
89
89
89
89
89
89
89
89
89
89
89
89
89
89
89
89
89
89
89.4
89.7
91.3
91.3
91.5
92.8
92.8
92.9
93
93
94.6
97.2
108.8
110.4
110.4
110.4
110.4
