9.2
10.1
14.7
14.7
14.7
14.7
14.7
18.5
22
22.1
22.9
24.6
24.6
24.6
24.6
24.6
24.6
24.6
24.6
24.6
24.6
24.6
24.6
24.6
24.6
24.6
24.6
24.6
24.6
24.6
24.6
24.6
24.6
24.6
24.6
24.6
29
29.3
29.3
29.3
31.3
31.6
31.6
31.6
31.6
31.6
31.6
31.6
31.6
36.6
38.7
40.3
40.3
40.3
40.3
40.3
40.3
40.3
40.3
41.8
42.2
46
46.1
46.1
46.1
47.8
49.4
49.6
49.6
49.6
49.6
49.6
49.6
49.6
49.6
49.6
49.6
49.6
49.6
49.6
49.6
49.6
49.6
49.6
49.6
49.6
49.6
49.6
49.6
49.6
49.6
50.1
50.1
50.2
52.1
52.1
52.1
52.1
52.1
52.1
52.1
52.1
52.1
52.1
52.1
52.1
52.1
52.1
52.1
52.1
52.1
52.1
52.1
52.1
52.1
52.1
52.1
52.1
52.1
52.1
52.1
52.1
52.1
52.1
52.1
52.1
52.1
52.1
52.1
52.1
52.1
52.1
52.1
52.1
52.1
52.1
52.1
52.1
52.1
52.1
52.1
52.1
52.1
52.5
52.5
53.5
53.5
53.5
53.5
54.2
54.2
54.2
54.2
54.2
54.2
54.2
54.2
54.2
54.2
54.4
54.4
54.4
54.5
57.5
57.5
58.3
58.3
58.9
59
59.2
59.2
61.2
62.2
62.2
62.2
62.2
62.5
62.5
62.5
62.5
62.5
62.5
62.5
62.5
62.5
62.5
62.5
62.5
62.5
62.5
62.5
62.5
62.5
62.5
62.5
62.5
62.5
62.5
62.5
62.5
62.5
62.5
62.5
62.5
62.5
62.5
62.5
62.5
62.5
62.5
62.5
62.6
62.9
62.9
62.9
62.9
62.9
62.9
62.9
62.9
62.9
62.9
63.1
65.6
66.2
66.2
66.2
66.2
66.2
66.2
66.2
66.2
66.2
66.2
66.2
66.2
66.3
67.7
67.7
67.7
67.7
67.7
67.7
67.7
67.7
67.7
67.7
67.7
67.7
67.7
67.7
67.7
67.7
67.7
67.7
67.7
67.7
67.7
67.7
67.7
67.7
67.7
67.7
67.7
67.7
67.7
67.7
67.7
67.7
67.7
67.7
67.7
67.7
67.7
69.2
69.2
69.2
69.2
69.2
69.2
69.2
69.2
69.2
69.2
69.2
69.2
69.2
69.2
69.2
69.2
69.2
69.2
69.2
69.2
69.2
69.2
69.2
69.2
69.8
71.2
71.2
71.2
71.2
71.2
71.2
71.2
71.2
71.2
71.2
71.2
71.2
71.2
71.2
71.2
71.2
71.2
71.2
71.2
71.2
71.2
71.2
71.2
71.2
71.2
71.2
71.9
72.9
73.7
73.7
73.7
73.7
73.7
73.7
73.7
73.9
73.9
73.9
75.9
76.4
78.2
78.3
79.1
79.1
80.3
80.8
81.3
82.5
82.5
82.5
82.8
83
83
83
83
83
83
83
83
83
83
83
83
83
83
83
83
83
83
83
83
83
83
83
83
83
83
83
83
83
83
83.1
83.1
83.1
83.1
83.7
83.7
83.7
83.7
83.7
83.7
83.7
83.7
83.7
83.9
84.1
84.1
86
86
86
86
86
86
86
86
86
86
86
86
86
87.3
87.3
87.3
87.3
87.3
87.3
87.3
87.3
87.3
87.4
88.5
88.7
89
89
89
89
89
89
89
89
89
89
89
89
89.3
89.3
89.3
89.4
89.4
89.4
89.4
89.4
89.4
89.4
89.7
89.7
89.7
89.7
89.7
89.7
91.3
91.3
91.3
91.3
91.3
91.3
91.3
91.3
91.6
91.6
92.8
92.8
92.8
92.8
92.8
92.9
93
94.6
94.6
94.6
94.6
94.9
96.9
97.9
97.9
98.2
110.4
110.4
110.4
