16.9
16.9
18.4
18.5
19.5
24.6
24.6
24.6
24.6
24.6
24.6
24.6
24.6
24.6
24.6
24.6
24.6
24.6
24.6
24.6
24.6
24.6
24.6
24.6
24.6
24.6
24.6
24.6
24.6
24.6
24.6
24.6
24.6
24.6
24.6
24.6
24.6
24.6
24.6
24.6
24.6
24.6
24.6
24.6
24.6
24.6
24.6
24.6
24.6
24.6
24.6
24.6
24.6
24.6
24.6
24.6
24.6
24.6
24.6
24.6
24.6
24.6
24.6
24.6
24.6
24.6
24.6
24.6
24.6
24.6
24.6
24.6
24.6
24.6
24.6
24.6
24.6
24.6
24.6
24.6
24.6
24.6
24.6
24.6
24.6
24.6
24.6
24.6
24.6
24.6
24.6
24.6
24.6
29.3
29.3
31.3
32.8
33.4
34.6
39.3
40.3
46.1
46.5
46.5
48.5
49.6
49.6
49.6
49.6
49.6
50.2
50.2
50.2
50.2
50.2
50.2
50.2
50.2
50.7
50.7
52.1
52.1
52.1
52.1
52.1
52.1
52.1
52.1
52.1
52.1
52.1
52.1
52.1
52.1
52.1
52.1
52.1
52.1
52.1
52.1
52.1
52.1
52.1
52.1
52.1
52.1
52.1
52.1
52.1
52.1
52.1
52.1
52.1
52.1
52.1
52.1
52.1
52.1
52.1
52.1
52.1
52.1
52.1
52.1
52.1
52.1
52.1
52.1
52.1
52.1
52.1
52.1
52.1
52.1
52.1
52.1
52.1
52.1
52.1
52.1
52.1
52.1
52.1
52.1
52.1
52.1
52.1
52.1
52.1
52.1
52.1
52.1
52.1
52.1
52.1
52.1
52.1
52.1
52.1
52.1
52.1
52.1
52.1
52.1
52.1
52.1
52.1
52.1
52.1
52.1
52.1
52.1
52.1
52.1
52.1
52.1
52.1
52.1
52.1
52.1
52.1
52.1
52.1
52.1
52.1
52.1
52.1
52.1
52.1
52.1
52.1
52.1
52.1
52.1
52.1
52.1
52.1
52.1
52.1
52.5
52.5
52.5
52.5
52.5
52.5
53.5
54.2
54.4
54.5
54.5
54.5
56.3
57.1
57.5
58.3
58.3
58.3
58.3
58.3
58.3
58.3
59
59.5
61.6
62.2
62.2
62.2
62.2
62.2
62.2
62.5
62.5
62.5
62.5
62.6
62.6
62.6
62.9
62.9
62.9
62.9
62.9
62.9
62.9
62.9
62.9
62.9
62.9
62.9
62.9
62.9
62.9
62.9
62.9
62.9
62.9
62.9
62.9
62.9
62.9
62.9
62.9
65.6
65.6
66.2
66.2
66.2
66.2
66.2
66.2
66.3
66.3
66.3
66.3
67.7
67.7
67.7
67.7
67.7
67.7
67.7
67.7
67.7
67.7
67.7
67.7
67.7
67.7
67.7
67.7
67.7
67.7
67.7
67.7
69.2
69.2
69.2
69.2
69.2
69.2
69.2
69.4
71.2
71.2
71.2
71.2
71.2
71.2
71.2
71.9
72.9
75.9
76.9
79.1
79.1
79.1
79.1
79.1
79.4
79.4
79.4
79.4
79.4
79.4
79.4
80.3
80.3
80.3
80.3
80.6
82.5
82.6
83
83
83
83
83
83
83
83
83
83
83
83
83
83
83
83
83
83
83
83
83
83
83.7
84.1
86
86
86
86
86
86
86
86
86
86
86
86.5
87.3
87.3
88.5
88.5
88.5
88.5
88.7
89
89
89
89
89
89
89
89.3
89.3
89.3
89.3
89.3
89.3
89.3
89.3
89.3
89.4
89.7
91.3
91.3
91.3
91.3
91.3
91.3
91.3
91.3
91.3
91.3
91.3
91.3
91.3
91.3
91.3
91.3
91.3
91.3
91.3
91.3
91.5
94.6
94.6
94.6
94.6
94.6
94.6
94.6
94.6
94.6
94.6
94.6
96.9
108.8
110.4
110.4
110.4
110.4
110.4
110.4
110.4
110.4
110.4
110.4
110.4
110.4
110.4
