9.2
14.7
14.7
18.5
21.3
22.9
24.6
24.6
24.6
24.6
24.6
24.6
24.6
24.6
24.6
24.6
24.6
24.6
24.6
24.6
24.6
24.6
24.6
24.6
24.6
24.6
24.6
24.6
24.6
24.6
24.6
24.6
24.6
24.6
24.6
24.6
24.6
24.6
24.6
24.6
24.6
24.6
24.6
24.6
24.6
24.6
24.6
24.6
24.6
24.6
24.6
24.6
24.6
24.6
24.6
24.6
24.6
24.6
24.6
24.6
24.6
24.6
24.6
24.6
24.6
24.6
24.6
24.6
24.6
24.6
24.6
24.6
24.6
24.6
24.6
24.6
24.6
24.6
24.6
24.6
29.3
31.3
31.6
31.6
31.6
33.4
34.6
39.3
40.3
46.1
46.5
46.5
47.8
49.6
49.6
49.6
49.6
49.6
49.6
49.6
49.6
49.6
50.1
50.2
50.2
50.2
50.2
50.7
50.7
52.1
52.1
52.1
52.1
52.1
52.1
52.1
52.1
52.1
52.1
52.1
52.1
52.1
52.1
52.1
52.1
52.1
52.1
52.1
52.1
52.1
52.5
54.2
54.2
54.2
54.2
54.2
54.2
54.2
54.2
57.1
57.5
58.3
58.3
58.3
58.3
58.3
58.3
58.9
59
59.2
61.2
61.4
62.2
62.2
62.2
62.2
62.2
62.2
62.2
62.5
62.5
62.5
62.5
62.5
62.5
62.6
62.9
62.9
62.9
62.9
62.9
62.9
62.9
62.9
62.9
62.9
63.1
65.6
65.6
65.8
66.2
66.2
66.3
66.3
66.3
66.3
66.3
67.7
67.7
67.7
67.7
67.7
67.7
67.7
67.7
67.7
67.7
67.7
67.7
67.7
67.7
67.7
67.7
67.7
67.7
67.7
67.7
67.7
67.7
67.7
67.7
67.7
67.7
67.7
67.7
67.7
67.7
67.7
67.7
67.7
67.7
67.7
67.7
67.7
67.7
67.7
67.7
67.7
67.7
67.7
67.7
67.7
67.7
67.7
67.7
67.7
67.7
67.7
67.7
67.7
67.7
67.7
67.7
67.7
67.7
67.7
67.7
67.7
67.7
67.7
67.7
67.7
67.7
67.7
67.7
67.7
67.7
67.7
67.7
67.7
69.2
69.2
69.2
69.2
69.2
69.2
69.2
69.2
71.2
71.2
71.2
71.2
71.2
71.2
71.2
71.2
71.2
71.2
71.2
71.2
71.2
71.2
71.2
71.2
71.2
71.2
71.2
71.2
71.2
71.2
71.2
71.2
71.2
71.2
71.2
71.2
71.2
71.2
71.9
71.9
72.9
73.7
73.9
73.9
73.9
75.9
75.9
75.9
75.9
75.9
76.9
77.6
78.1
78.3
79.4
79.4
79.4
79.4
79.4
80.3
80.3
80.3
80.6
80.6
80.8
82.5
82.6
82.8
83
83
83
83
83
83
83
83
83
83
83
83
83
83
83
83
83
83
83
83
83
83
83
83
83
83
83
83
83
83
83
83
83
83
83
83
83.7
84.1
84.1
84.1
84.1
84.1
84.5
84.5
86
86
86
86
86
86
86
86
86
86
86
86
86
87.3
87.4
87.4
88.5
88.5
88.5
88.7
88.7
89
89
89
89
89
89
89
89
89
89
89
89
89
89
89
89
89
89
89
89
89
89
89
89
89
89
89
89
89
89
89
89
89
89
89
89
89
89
89
89
89
89
89
89
89
89
89
89
89
89
89
89
89
89
89
89.3
89.3
89.3
89.4
89.7
89.7
89.7
89.7
89.7
89.7
89.7
89.7
91.3
91.3
91.3
91.3
91.3
91.3
91.3
91.3
91.3
91.3
91.3
91.3
91.3
91.3
92.9
93
93
93
94.6
96.9
108.8
108.8
110.4
110.4
110.4
110.4
110.4
110.4
110.4
