14.7
14.7
22
22.9
22.9
22.9
24.6
24.6
24.6
24.6
24.6
24.6
24.6
24.6
24.6
24.6
24.6
24.6
24.6
24.6
24.6
24.6
24.6
24.6
24.6
29.3
31.6
31.6
31.6
31.6
42.6
46.1
47.8
49.6
49.6
49.6
49.6
49.6
49.6
49.6
49.6
49.6
49.6
49.6
49.6
49.6
49.6
49.6
49.6
49.6
49.6
50.1
50.7
52.1
52.1
52.1
52.1
52.1
52.1
52.1
52.1
52.1
52.1
52.1
52.1
52.1
52.1
52.1
52.1
52.1
52.1
52.1
52.1
52.1
52.1
52.1
52.1
52.1
52.1
52.1
52.1
52.1
52.1
52.1
52.1
52.1
52.1
52.1
52.1
52.1
52.1
52.1
52.1
52.1
52.1
52.1
52.1
52.1
52.1
52.1
52.1
52.1
52.1
52.1
52.1
52.1
52.1
52.1
52.1
52.1
52.1
52.1
52.1
52.1
52.1
52.1
52.1
52.1
52.1
52.5
52.5
52.5
52.5
52.5
53.9
54.2
54.2
54.2
54.2
54.2
54.2
54.2
54.2
54.2
54.2
54.2
54.2
54.2
54.2
54.2
54.2
54.2
54.2
54.2
54.2
54.2
54.2
54.2
54.2
54.2
54.2
56.3
56.9
57.5
57.5
58.3
58.3
58.3
58.3
58.9
59
59
59.5
62.2
62.2
62.2
62.2
62.5
62.5
62.5
62.6
62.9
62.9
63.1
66.2
66.2
66.2
66.3
66.3
67.7
67.7
67.7
67.7
67.7
67.7
67.7
67.7
67.7
67.7
67.7
67.7
67.7
67.7
67.7
67.7
67.7
67.7
67.7
67.7
67.7
67.7
67.7
67.7
67.7
67.7
67.7
67.7
67.7
67.7
67.7
67.7
67.7
67.7
67.7
67.7
67.7
67.7
67.7
67.7
67.7
67.7
67.7
67.7
67.7
67.7
67.7
67.7
67.7
67.7
67.7
67.7
67.7
67.7
67.7
67.7
67.7
67.7
67.7
67.7
67.7
67.7
69.2
69.2
69.2
69.2
69.2
69.2
69.2
69.2
69.2
69.2
69.2
69.2
69.2
69.2
69.2
69.2
69.2
69.2
69.2
69.8
71.2
71.2
71.2
71.2
71.2
71.2
71.2
71.2
71.2
71.2
71.2
71.2
71.2
71.2
71.2
72.9
73.7
73.7
73.9
73.9
75.9
75.9
75.9
76.3
76.9
78.2
78.3
79.4
80.3
82.5
82.8
83
83
83
83
83
83
83
83
83
83
83
83
83
83
83
83
83
83
83
83
83
83
83
83
83
83
83
83
83
83
83
83
83
83
83
83
83
83
83
83
83
83
83
83
83
83
83
83
83
83
83
83
83
83
83
83
83
83
83
83
83
83
83
83
83
83
83
83
83
83
83
83
83
83
83
83
83
83
83
83
86
86
86
86
86
86
86
86
86
86
87.3
87.3
87.4
88.5
88.5
88.7
89
89
89
89
89
89
89
89
89
89
89
89
89
89
89
89
89
89
89
89
89
89
89
89
89
89
89
89
89
89
89
89
89
89
89
89
89
89
89
89
89
89
89
89
89
89
89
89
89
89
89
89
89
89
89
89
89
89
89
89.7
91.3
91.3
91.3
91.3
91.3
91.3
91.3
91.3
91.3
91.3
91.3
91.6
92.8
92.8
92.8
92.8
92.8
92.8
92.8
92.8
92.9
93
93
93
93
93
93
94.6
94.6
94.6
94.6
94.6
94.6
110.4
110.4
110.4
110.4
